dataFileVersion = 4
numFileSegments = 1
minCoordinates = [
 0.000000
 0.000000
 0.000000
 ]
maxCoordinates = [
 12800.000000
 12800.000000
 12800.000000
 ]
nodeCount = 144
dataDecompType = 2
dataDecompGeometry = [
 1
 1
 1
 ]

#
#  END OF DATA FILE PARAMETERS
#

domainDecomposition = 
# Dom_ID  Minimum XYZ bounds   Maximum XYZ bounds
  0  0.000000  0.000000  0.000000  12800.000000  12800.000000  12800.000000
nodalData =
# Primary lines: node_tag, x, y, z, num_arms, constraint
# Secondary lines: arm_tag, burgx, burgy, burgz, nx, ny, nz
0,    0 5625.674354201492 8663.214761105826 5686.035882042167    2    0
         0,    1  -0.707106781187  -0.000000000000  -0.707106781187
                  -0.577350269190   0.577350269190   0.577350269190
         0,   23   0.707106781187   0.000000000000   0.707106781187
                  -0.577350269190   0.577350269190   0.577350269190
0,    1 5535.949165452400 8430.757409160120 5828.768045238781    2    0
         0,    0   0.707106781187   0.000000000000   0.707106781187
                  -0.577350269190   0.577350269190   0.577350269190
         0,    2  -0.707106781187  -0.000000000000  -0.707106781187
                  -0.577350269190   0.577350269190   0.577350269190
0,    2 5505.345574486196 8214.141641595577 6014.780221837120    2    0
         0,    1   0.707106781187   0.000000000000   0.707106781187
                  -0.577350269190   0.577350269190   0.577350269190
         0,    3  -0.707106781187  -0.000000000000  -0.707106781187
                  -0.577350269190   0.577350269190   0.577350269190
0,    3 5535.949165452400 8028.129464997238 6231.395989401663    2    0
         0,    2   0.707106781187   0.000000000000   0.707106781187
                  -0.577350269190   0.577350269190   0.577350269190
         0,    4  -0.707106781187  -0.000000000000  -0.707106781187
                  -0.577350269190   0.577350269190   0.577350269190
0,    4 5625.674354201492 7885.397301800624 6463.853341347370    2    0
         0,    3   0.707106781187   0.000000000000   0.707106781187
                  -0.577350269190   0.577350269190   0.577350269190
         0,    5  -0.707106781187  -0.000000000000  -0.707106781187
                  -0.577350269190   0.577350269190   0.577350269190
0,    5 5768.406517398106 7795.672113051532 6696.310693293076    2    0
         0,    4   0.707106781187   0.000000000000   0.707106781187
                  -0.577350269190   0.577350269190   0.577350269190
         0,    6  -0.707106781187  -0.000000000000  -0.707106781187
                  -0.577350269190   0.577350269190   0.577350269190
0,    6 5954.418693996445 7765.068522085327 6912.926460857619    2    0
         0,    5   0.707106781187   0.000000000000   0.707106781187
                  -0.577350269190   0.577350269190   0.577350269190
         0,    7  -0.707106781187  -0.000000000000  -0.707106781187
                  -0.577350269190   0.577350269190   0.577350269190
0,    7 6171.034461560988 7795.672113051532 7098.938637455958    2    0
         0,    6   0.707106781187   0.000000000000   0.707106781187
                  -0.577350269190   0.577350269190   0.577350269190
         0,    8  -0.707106781187  -0.000000000000  -0.707106781187
                  -0.577350269190   0.577350269190   0.577350269190
0,    8 6403.491813506695 7885.397301800624 7241.670800652571    2    0
         0,    7   0.707106781187   0.000000000000   0.707106781187
                  -0.577350269190   0.577350269190   0.577350269190
         0,    9  -0.707106781187  -0.000000000000  -0.707106781187
                  -0.577350269190   0.577350269190   0.577350269190
0,    9 6635.949165452401 8028.129464997238 7331.395989401664    2    0
         0,    8   0.707106781187   0.000000000000   0.707106781187
                  -0.577350269190   0.577350269190   0.577350269190
         0,   10  -0.707106781187  -0.000000000000  -0.707106781187
                  -0.577350269190   0.577350269190   0.577350269190
0,   10 6852.564933016944 8214.141641595577 7361.999580367868    2    0
         0,    9   0.707106781187   0.000000000000   0.707106781187
                  -0.577350269190   0.577350269190   0.577350269190
         0,   11  -0.707106781187  -0.000000000000  -0.707106781187
                  -0.577350269190   0.577350269190   0.577350269190
0,   11 7038.577109615283 8430.757409160120 7331.395989401664    2    0
         0,   10   0.707106781187   0.000000000000   0.707106781187
                  -0.577350269190   0.577350269190   0.577350269190
         0,   12  -0.707106781187  -0.000000000000  -0.707106781187
                  -0.577350269190   0.577350269190   0.577350269190
0,   12 7181.309272811897 8663.214761105826 7241.670800652572    2    0
         0,   11   0.707106781187   0.000000000000   0.707106781187
                  -0.577350269190   0.577350269190   0.577350269190
         0,   13  -0.707106781187  -0.000000000000  -0.707106781187
                  -0.577350269190   0.577350269190   0.577350269190
0,   13 7271.034461560989 8895.672113051533 7098.938637455958    2    0
         0,   12   0.707106781187   0.000000000000   0.707106781187
                  -0.577350269190   0.577350269190   0.577350269190
         0,   14  -0.707106781187  -0.000000000000  -0.707106781187
                  -0.577350269190   0.577350269190   0.577350269190
0,   14 7301.638052527193 9112.287880616075 6912.926460857620    2    0
         0,   13   0.707106781187   0.000000000000   0.707106781187
                  -0.577350269190   0.577350269190   0.577350269190
         0,   15  -0.707106781187  -0.000000000000  -0.707106781187
                  -0.577350269190   0.577350269190   0.577350269190
0,   15 7271.034461560989 9298.300057214414 6696.310693293076    2    0
         0,   14   0.707106781187   0.000000000000   0.707106781187
                  -0.577350269190   0.577350269190   0.577350269190
         0,   16  -0.707106781187  -0.000000000000  -0.707106781187
                  -0.577350269190   0.577350269190   0.577350269190
0,   16 7181.309272811897 9441.032220411029 6463.853341347371    2    0
         0,   15   0.707106781187   0.000000000000   0.707106781187
                  -0.577350269190   0.577350269190   0.577350269190
         0,   17  -0.707106781187  -0.000000000000  -0.707106781187
                  -0.577350269190   0.577350269190   0.577350269190
0,   17 7038.577109615283 9530.757409160120 6231.395989401663    2    0
         0,   16   0.707106781187   0.000000000000   0.707106781187
                  -0.577350269190   0.577350269190   0.577350269190
         0,   18  -0.707106781187  -0.000000000000  -0.707106781187
                  -0.577350269190   0.577350269190   0.577350269190
0,   18 6852.564933016944 9561.361000126326 6014.780221837121    2    0
         0,   17   0.707106781187   0.000000000000   0.707106781187
                  -0.577350269190   0.577350269190   0.577350269190
         0,   19  -0.707106781187  -0.000000000000  -0.707106781187
                  -0.577350269190   0.577350269190   0.577350269190
0,   19 6635.949165452401 9530.757409160120 5828.768045238781    2    0
         0,   18   0.707106781187   0.000000000000   0.707106781187
                  -0.577350269190   0.577350269190   0.577350269190
         0,   20  -0.707106781187  -0.000000000000  -0.707106781187
                  -0.577350269190   0.577350269190   0.577350269190
0,   20 6403.491813506695 9441.032220411029 5686.035882042167    2    0
         0,   19   0.707106781187   0.000000000000   0.707106781187
                  -0.577350269190   0.577350269190   0.577350269190
         0,   21  -0.707106781187  -0.000000000000  -0.707106781187
                  -0.577350269190   0.577350269190   0.577350269190
0,   21 6171.034461560989 9298.300057214416 5596.310693293075    2    0
         0,   20   0.707106781187   0.000000000000   0.707106781187
                  -0.577350269190   0.577350269190   0.577350269190
         0,   22  -0.707106781187  -0.000000000000  -0.707106781187
                  -0.577350269190   0.577350269190   0.577350269190
0,   22 5954.418693996446 9112.287880616075 5565.707102326871    2    0
         0,   21   0.707106781187   0.000000000000   0.707106781187
                  -0.577350269190   0.577350269190   0.577350269190
         0,   23  -0.707106781187  -0.000000000000  -0.707106781187
                  -0.577350269190   0.577350269190   0.577350269190
0,   23 5768.406517398107 8895.672113051533 5596.310693293075    2    0
         0,   22   0.707106781187   0.000000000000   0.707106781187
                  -0.577350269190   0.577350269190   0.577350269190
         0,    0  -0.707106781187  -0.000000000000  -0.707106781187
                  -0.577350269190   0.577350269190   0.577350269190
0,   24 7225.349214052355 4040.747670685631 4057.280705553168    2    0
         0,   25   0.707106781187   0.000000000000   0.707106781187
                   0.577350269190   0.577350269190  -0.577350269190
         0,   47  -0.707106781187  -0.000000000000  -0.707106781187
                   0.577350269190   0.577350269190  -0.577350269190
0,   25 7315.074402801447 3808.290318739925 3914.548542356555    2    0
         0,   24  -0.707106781187  -0.000000000000  -0.707106781187
                   0.577350269190   0.577350269190  -0.577350269190
         0,   26   0.707106781187   0.000000000000   0.707106781187
                   0.577350269190   0.577350269190  -0.577350269190
0,   26 7345.677993767651 3591.674551175382 3728.536365758216    2    0
         0,   25  -0.707106781187  -0.000000000000  -0.707106781187
                   0.577350269190   0.577350269190  -0.577350269190
         0,   27   0.707106781187   0.000000000000   0.707106781187
                   0.577350269190   0.577350269190  -0.577350269190
0,   27 7315.074402801447 3405.662374577043 3511.920598193672    2    0
         0,   26  -0.707106781187  -0.000000000000  -0.707106781187
                   0.577350269190   0.577350269190  -0.577350269190
         0,   28   0.707106781187   0.000000000000   0.707106781187
                   0.577350269190   0.577350269190  -0.577350269190
0,   28 7225.349214052355 3262.930211380429 3279.463246247966    2    0
         0,   27  -0.707106781187  -0.000000000000  -0.707106781187
                   0.577350269190   0.577350269190  -0.577350269190
         0,   29   0.707106781187   0.000000000000   0.707106781187
                   0.577350269190   0.577350269190  -0.577350269190
0,   29 7082.617050855741 3173.205022631337 3047.005894302260    2    0
         0,   28  -0.707106781187  -0.000000000000  -0.707106781187
                   0.577350269190   0.577350269190  -0.577350269190
         0,   30   0.707106781187   0.000000000000   0.707106781187
                   0.577350269190   0.577350269190  -0.577350269190
0,   30 6896.604874257402 3142.601431665132 2830.390126737717    2    0
         0,   29  -0.707106781187  -0.000000000000  -0.707106781187
                   0.577350269190   0.577350269190  -0.577350269190
         0,   31   0.707106781187   0.000000000000   0.707106781187
                   0.577350269190   0.577350269190  -0.577350269190
0,   31 6679.989106692859 3173.205022631337 2644.377950139378    2    0
         0,   30  -0.707106781187  -0.000000000000  -0.707106781187
                   0.577350269190   0.577350269190  -0.577350269190
         0,   32   0.707106781187   0.000000000000   0.707106781187
                   0.577350269190   0.577350269190  -0.577350269190
0,   32 6447.531754747152 3262.930211380429 2501.645786942764    2    0
         0,   31  -0.707106781187  -0.000000000000  -0.707106781187
                   0.577350269190   0.577350269190  -0.577350269190
         0,   33   0.707106781187   0.000000000000   0.707106781187
                   0.577350269190   0.577350269190  -0.577350269190
0,   33 6215.074402801447 3405.662374577043 2411.920598193672    2    0
         0,   32  -0.707106781187  -0.000000000000  -0.707106781187
                   0.577350269190   0.577350269190  -0.577350269190
         0,   34   0.707106781187   0.000000000000   0.707106781187
                   0.577350269190   0.577350269190  -0.577350269190
0,   34 5998.458635236902 3591.674551175382 2381.317007227467    2    0
         0,   33  -0.707106781187  -0.000000000000  -0.707106781187
                   0.577350269190   0.577350269190  -0.577350269190
         0,   35   0.707106781187   0.000000000000   0.707106781187
                   0.577350269190   0.577350269190  -0.577350269190
0,   35 5812.446458638564 3808.290318739925 2411.920598193672    2    0
         0,   34  -0.707106781187  -0.000000000000  -0.707106781187
                   0.577350269190   0.577350269190  -0.577350269190
         0,   36   0.707106781187   0.000000000000   0.707106781187
                   0.577350269190   0.577350269190  -0.577350269190
0,   36 5669.714295441950 4040.747670685631 2501.645786942764    2    0
         0,   35  -0.707106781187  -0.000000000000  -0.707106781187
                   0.577350269190   0.577350269190  -0.577350269190
         0,   37   0.707106781187   0.000000000000   0.707106781187
                   0.577350269190   0.577350269190  -0.577350269190
0,   37 5579.989106692858 4273.205022631337 2644.377950139378    2    0
         0,   36  -0.707106781187  -0.000000000000  -0.707106781187
                   0.577350269190   0.577350269190  -0.577350269190
         0,   38   0.707106781187   0.000000000000   0.707106781187
                   0.577350269190   0.577350269190  -0.577350269190
0,   38 5549.385515726653 4489.820790195880 2830.390126737717    2    0
         0,   37  -0.707106781187  -0.000000000000  -0.707106781187
                   0.577350269190   0.577350269190  -0.577350269190
         0,   39   0.707106781187   0.000000000000   0.707106781187
                   0.577350269190   0.577350269190  -0.577350269190
0,   39 5579.989106692858 4675.832966794219 3047.005894302260    2    0
         0,   38  -0.707106781187  -0.000000000000  -0.707106781187
                   0.577350269190   0.577350269190  -0.577350269190
         0,   40   0.707106781187   0.000000000000   0.707106781187
                   0.577350269190   0.577350269190  -0.577350269190
0,   40 5669.714295441950 4818.565129990833 3279.463246247966    2    0
         0,   39  -0.707106781187  -0.000000000000  -0.707106781187
                   0.577350269190   0.577350269190  -0.577350269190
         0,   41   0.707106781187   0.000000000000   0.707106781187
                   0.577350269190   0.577350269190  -0.577350269190
0,   41 5812.446458638564 4908.290318739925 3511.920598193672    2    0
         0,   40  -0.707106781187  -0.000000000000  -0.707106781187
                   0.577350269190   0.577350269190  -0.577350269190
         0,   42   0.707106781187   0.000000000000   0.707106781187
                   0.577350269190   0.577350269190  -0.577350269190
0,   42 5998.458635236902 4938.893909706130 3728.536365758216    2    0
         0,   41  -0.707106781187  -0.000000000000  -0.707106781187
                   0.577350269190   0.577350269190  -0.577350269190
         0,   43   0.707106781187   0.000000000000   0.707106781187
                   0.577350269190   0.577350269190  -0.577350269190
0,   43 6215.074402801446 4908.290318739925 3914.548542356554    2    0
         0,   42  -0.707106781187  -0.000000000000  -0.707106781187
                   0.577350269190   0.577350269190  -0.577350269190
         0,   44   0.707106781187   0.000000000000   0.707106781187
                   0.577350269190   0.577350269190  -0.577350269190
0,   44 6447.531754747152 4818.565129990833 4057.280705553168    2    0
         0,   43  -0.707106781187  -0.000000000000  -0.707106781187
                   0.577350269190   0.577350269190  -0.577350269190
         0,   45   0.707106781187   0.000000000000   0.707106781187
                   0.577350269190   0.577350269190  -0.577350269190
0,   45 6679.989106692858 4675.832966794220 4147.005894302260    2    0
         0,   44  -0.707106781187  -0.000000000000  -0.707106781187
                   0.577350269190   0.577350269190  -0.577350269190
         0,   46   0.707106781187   0.000000000000   0.707106781187
                   0.577350269190   0.577350269190  -0.577350269190
0,   46 6896.604874257401 4489.820790195880 4177.609485268465    2    0
         0,   45  -0.707106781187  -0.000000000000  -0.707106781187
                   0.577350269190   0.577350269190  -0.577350269190
         0,   47   0.707106781187   0.000000000000   0.707106781187
                   0.577350269190   0.577350269190  -0.577350269190
0,   47 7082.617050855740 4273.205022631338 4147.005894302260    2    0
         0,   46  -0.707106781187  -0.000000000000  -0.707106781187
                   0.577350269190   0.577350269190  -0.577350269190
         0,   24   0.707106781187   0.000000000000   0.707106781187
                   0.577350269190   0.577350269190  -0.577350269190
0,   48 6479.138474600386 4935.292218630022 5567.849775368927    2    0
         0,   49   0.000000000000   0.707106781187  -0.707106781187
                   0.577350269190   0.577350269190   0.577350269190
         0,   71  -0.000000000000  -0.707106781187   0.707106781187
                   0.577350269190   0.577350269190   0.577350269190
0,   49 6246.681122654680 5025.017407379114 5710.581938565541    2    0
         0,   48  -0.000000000000  -0.707106781187   0.707106781187
                   0.577350269190   0.577350269190   0.577350269190
         0,   50   0.000000000000   0.707106781187  -0.707106781187
                   0.577350269190   0.577350269190   0.577350269190
0,   50 6030.065355090137 5055.620998345318 5896.594115163880    2    0
         0,   49  -0.000000000000  -0.707106781187   0.707106781187
                   0.577350269190   0.577350269190   0.577350269190
         0,   51   0.000000000000   0.707106781187  -0.707106781187
                   0.577350269190   0.577350269190   0.577350269190
0,   51 5844.053178491798 5025.017407379114 6113.209882728424    2    0
         0,   50  -0.000000000000  -0.707106781187   0.707106781187
                   0.577350269190   0.577350269190   0.577350269190
         0,   52   0.000000000000   0.707106781187  -0.707106781187
                   0.577350269190   0.577350269190   0.577350269190
0,   52 5701.321015295183 4935.292218630022 6345.667234674130    2    0
         0,   51  -0.000000000000  -0.707106781187   0.707106781187
                   0.577350269190   0.577350269190   0.577350269190
         0,   53   0.000000000000   0.707106781187  -0.707106781187
                   0.577350269190   0.577350269190   0.577350269190
0,   53 5611.595826546091 4792.560055433408 6578.124586619836    2    0
         0,   52  -0.000000000000  -0.707106781187   0.707106781187
                   0.577350269190   0.577350269190   0.577350269190
         0,   54   0.000000000000   0.707106781187  -0.707106781187
                   0.577350269190   0.577350269190   0.577350269190
0,   54 5580.992235579887 4606.547878835069 6794.740354184379    2    0
         0,   53  -0.000000000000  -0.707106781187   0.707106781187
                   0.577350269190   0.577350269190   0.577350269190
         0,   55   0.000000000000   0.707106781187  -0.707106781187
                   0.577350269190   0.577350269190   0.577350269190
0,   55 5611.595826546091 4389.932111270526 6980.752530782718    2    0
         0,   54  -0.000000000000  -0.707106781187   0.707106781187
                   0.577350269190   0.577350269190   0.577350269190
         0,   56   0.000000000000   0.707106781187  -0.707106781187
                   0.577350269190   0.577350269190   0.577350269190
0,   56 5701.321015295183 4157.474759324819 7123.484693979331    2    0
         0,   55  -0.000000000000  -0.707106781187   0.707106781187
                   0.577350269190   0.577350269190   0.577350269190
         0,   57   0.000000000000   0.707106781187  -0.707106781187
                   0.577350269190   0.577350269190   0.577350269190
0,   57 5844.053178491798 3925.017407379114 7213.209882728424    2    0
         0,   56  -0.000000000000  -0.707106781187   0.707106781187
                   0.577350269190   0.577350269190   0.577350269190
         0,   58   0.000000000000   0.707106781187  -0.707106781187
                   0.577350269190   0.577350269190   0.577350269190
0,   58 6030.065355090137 3708.401639814570 7243.813473694629    2    0
         0,   57  -0.000000000000  -0.707106781187   0.707106781187
                   0.577350269190   0.577350269190   0.577350269190
         0,   59   0.000000000000   0.707106781187  -0.707106781187
                   0.577350269190   0.577350269190   0.577350269190
0,   59 6246.681122654680 3522.389463216231 7213.209882728424    2    0
         0,   58  -0.000000000000  -0.707106781187   0.707106781187
                   0.577350269190   0.577350269190   0.577350269190
         0,   60   0.000000000000   0.707106781187  -0.707106781187
                   0.577350269190   0.577350269190   0.577350269190
0,   60 6479.138474600386 3379.657300019617 7123.484693979332    2    0
         0,   59  -0.000000000000  -0.707106781187   0.707106781187
                   0.577350269190   0.577350269190   0.577350269190
         0,   61   0.000000000000   0.707106781187  -0.707106781187
                   0.577350269190   0.577350269190   0.577350269190
0,   61 6711.595826546092 3289.932111270525 6980.752530782718    2    0
         0,   60  -0.000000000000  -0.707106781187   0.707106781187
                   0.577350269190   0.577350269190   0.577350269190
         0,   62   0.000000000000   0.707106781187  -0.707106781187
                   0.577350269190   0.577350269190   0.577350269190
0,   62 6928.211594110635 3259.328520304321 6794.740354184380    2    0
         0,   61  -0.000000000000  -0.707106781187   0.707106781187
                   0.577350269190   0.577350269190   0.577350269190
         0,   63   0.000000000000   0.707106781187  -0.707106781187
                   0.577350269190   0.577350269190   0.577350269190
0,   63 7114.223770708974 3289.932111270525 6578.124586619836    2    0
         0,   62  -0.000000000000  -0.707106781187   0.707106781187
                   0.577350269190   0.577350269190   0.577350269190
         0,   64   0.000000000000   0.707106781187  -0.707106781187
                   0.577350269190   0.577350269190   0.577350269190
0,   64 7256.955933905588 3379.657300019617 6345.667234674131    2    0
         0,   63  -0.000000000000  -0.707106781187   0.707106781187
                   0.577350269190   0.577350269190   0.577350269190
         0,   65   0.000000000000   0.707106781187  -0.707106781187
                   0.577350269190   0.577350269190   0.577350269190
0,   65 7346.681122654681 3522.389463216231 6113.209882728424    2    0
         0,   64  -0.000000000000  -0.707106781187   0.707106781187
                   0.577350269190   0.577350269190   0.577350269190
         0,   66   0.000000000000   0.707106781187  -0.707106781187
                   0.577350269190   0.577350269190   0.577350269190
0,   66 7377.284713620885 3708.401639814570 5896.594115163881    2    0
         0,   65  -0.000000000000  -0.707106781187   0.707106781187
                   0.577350269190   0.577350269190   0.577350269190
         0,   67   0.000000000000   0.707106781187  -0.707106781187
                   0.577350269190   0.577350269190   0.577350269190
0,   67 7346.681122654681 3925.017407379113 5710.581938565541    2    0
         0,   66  -0.000000000000  -0.707106781187   0.707106781187
                   0.577350269190   0.577350269190   0.577350269190
         0,   68   0.000000000000   0.707106781187  -0.707106781187
                   0.577350269190   0.577350269190   0.577350269190
0,   68 7256.955933905589 4157.474759324819 5567.849775368927    2    0
         0,   67  -0.000000000000  -0.707106781187   0.707106781187
                   0.577350269190   0.577350269190   0.577350269190
         0,   69   0.000000000000   0.707106781187  -0.707106781187
                   0.577350269190   0.577350269190   0.577350269190
0,   69 7114.223770708974 4389.932111270525 5478.124586619835    2    0
         0,   68  -0.000000000000  -0.707106781187   0.707106781187
                   0.577350269190   0.577350269190   0.577350269190
         0,   70   0.000000000000   0.707106781187  -0.707106781187
                   0.577350269190   0.577350269190   0.577350269190
0,   70 6928.211594110636 4606.547878835068 5447.520995653631    2    0
         0,   69  -0.000000000000  -0.707106781187   0.707106781187
                   0.577350269190   0.577350269190   0.577350269190
         0,   71   0.000000000000   0.707106781187  -0.707106781187
                   0.577350269190   0.577350269190   0.577350269190
0,   71 6711.595826546092 4792.560055433407 5478.124586619835    2    0
         0,   70  -0.000000000000  -0.707106781187   0.707106781187
                   0.577350269190   0.577350269190   0.577350269190
         0,   48   0.000000000000   0.707106781187  -0.707106781187
                   0.577350269190   0.577350269190   0.577350269190
0,   72 6359.551490357801 7743.435597840278 8900.228695451862    2    0
         0,   73  -0.000000000000  -0.707106781187  -0.707106781187
                   0.577350269190  -0.577350269190   0.577350269190
         0,   95   0.000000000000   0.707106781187   0.707106781187
                   0.577350269190  -0.577350269190   0.577350269190
0,   73 6592.008842303507 7886.167761036892 8810.503506702771    2    0
         0,   72   0.000000000000   0.707106781187   0.707106781187
                   0.577350269190  -0.577350269190   0.577350269190
         0,   74  -0.000000000000  -0.707106781187  -0.707106781187
                   0.577350269190  -0.577350269190   0.577350269190
0,   74 6808.624609868049 8072.179937635232 8779.899915736567    2    0
         0,   73   0.000000000000   0.707106781187   0.707106781187
                   0.577350269190  -0.577350269190   0.577350269190
         0,   75  -0.000000000000  -0.707106781187  -0.707106781187
                   0.577350269190  -0.577350269190   0.577350269190
0,   75 6994.636786466389 8288.795705199775 8810.503506702771    2    0
         0,   74   0.000000000000   0.707106781187   0.707106781187
                   0.577350269190  -0.577350269190   0.577350269190
         0,   76  -0.000000000000  -0.707106781187  -0.707106781187
                   0.577350269190  -0.577350269190   0.577350269190
0,   76 7137.368949663003 8521.253057145481 8900.228695451862    2    0
         0,   75   0.000000000000   0.707106781187   0.707106781187
                   0.577350269190  -0.577350269190   0.577350269190
         0,   77  -0.000000000000  -0.707106781187  -0.707106781187
                   0.577350269190  -0.577350269190   0.577350269190
0,   77 7227.094138412095 8753.710409091187 9042.960858648476    2    0
         0,   76   0.000000000000   0.707106781187   0.707106781187
                   0.577350269190  -0.577350269190   0.577350269190
         0,   78  -0.000000000000  -0.707106781187  -0.707106781187
                   0.577350269190  -0.577350269190   0.577350269190
0,   78 7257.697729378299 8970.326176655730 9228.973035246816    2    0
         0,   77   0.000000000000   0.707106781187   0.707106781187
                   0.577350269190  -0.577350269190   0.577350269190
         0,   79  -0.000000000000  -0.707106781187  -0.707106781187
                   0.577350269190  -0.577350269190   0.577350269190
0,   79 7227.094138412095 9156.338353254068 9445.588802811359    2    0
         0,   78   0.000000000000   0.707106781187   0.707106781187
                   0.577350269190  -0.577350269190   0.577350269190
         0,   80  -0.000000000000  -0.707106781187  -0.707106781187
                   0.577350269190  -0.577350269190   0.577350269190
0,   80 7137.368949663003 9299.070516450683 9678.046154757065    2    0
         0,   79   0.000000000000   0.707106781187   0.707106781187
                   0.577350269190  -0.577350269190   0.577350269190
         0,   81  -0.000000000000  -0.707106781187  -0.707106781187
                   0.577350269190  -0.577350269190   0.577350269190
0,   81 6994.636786466389 9388.795705199775 9910.503506702771    2    0
         0,   80   0.000000000000   0.707106781187   0.707106781187
                   0.577350269190  -0.577350269190   0.577350269190
         0,   82  -0.000000000000  -0.707106781187  -0.707106781187
                   0.577350269190  -0.577350269190   0.577350269190
0,   82 6808.624609868049 9419.399296165979 10127.119274267314    2    0
         0,   81   0.000000000000   0.707106781187   0.707106781187
                   0.577350269190  -0.577350269190   0.577350269190
         0,   83  -0.000000000000  -0.707106781187  -0.707106781187
                   0.577350269190  -0.577350269190   0.577350269190
0,   83 6592.008842303507 9388.795705199775 10313.131450865652    2    0
         0,   82   0.000000000000   0.707106781187   0.707106781187
                   0.577350269190  -0.577350269190   0.577350269190
         0,   84  -0.000000000000  -0.707106781187  -0.707106781187
                   0.577350269190  -0.577350269190   0.577350269190
0,   84 6359.551490357801 9299.070516450683 10455.863614062268    2    0
         0,   83   0.000000000000   0.707106781187   0.707106781187
                   0.577350269190  -0.577350269190   0.577350269190
         0,   85  -0.000000000000  -0.707106781187  -0.707106781187
                   0.577350269190  -0.577350269190   0.577350269190
0,   85 6127.094138412094 9156.338353254068 10545.588802811359    2    0
         0,   84   0.000000000000   0.707106781187   0.707106781187
                   0.577350269190  -0.577350269190   0.577350269190
         0,   86  -0.000000000000  -0.707106781187  -0.707106781187
                   0.577350269190  -0.577350269190   0.577350269190
0,   86 5910.478370847552 8970.326176655730 10576.192393777565    2    0
         0,   85   0.000000000000   0.707106781187   0.707106781187
                   0.577350269190  -0.577350269190   0.577350269190
         0,   87  -0.000000000000  -0.707106781187  -0.707106781187
                   0.577350269190  -0.577350269190   0.577350269190
0,   87 5724.466194249212 8753.710409091187 10545.588802811359    2    0
         0,   86   0.000000000000   0.707106781187   0.707106781187
                   0.577350269190  -0.577350269190   0.577350269190
         0,   88  -0.000000000000  -0.707106781187  -0.707106781187
                   0.577350269190  -0.577350269190   0.577350269190
0,   88 5581.734031052599 8521.253057145481 10455.863614062268    2    0
         0,   87   0.000000000000   0.707106781187   0.707106781187
                   0.577350269190  -0.577350269190   0.577350269190
         0,   89  -0.000000000000  -0.707106781187  -0.707106781187
                   0.577350269190  -0.577350269190   0.577350269190
0,   89 5492.008842303506 8288.795705199775 10313.131450865652    2    0
         0,   88   0.000000000000   0.707106781187   0.707106781187
                   0.577350269190  -0.577350269190   0.577350269190
         0,   90  -0.000000000000  -0.707106781187  -0.707106781187
                   0.577350269190  -0.577350269190   0.577350269190
0,   90 5461.405251337302 8072.179937635232 10127.119274267314    2    0
         0,   89   0.000000000000   0.707106781187   0.707106781187
                   0.577350269190  -0.577350269190   0.577350269190
         0,   91  -0.000000000000  -0.707106781187  -0.707106781187
                   0.577350269190  -0.577350269190   0.577350269190
0,   91 5492.008842303506 7886.167761036892 9910.503506702771    2    0
         0,   90   0.000000000000   0.707106781187   0.707106781187
                   0.577350269190  -0.577350269190   0.577350269190
         0,   92  -0.000000000000  -0.707106781187  -0.707106781187
                   0.577350269190  -0.577350269190   0.577350269190
0,   92 5581.734031052598 7743.435597840278 9678.046154757065    2    0
         0,   91   0.000000000000   0.707106781187   0.707106781187
                   0.577350269190  -0.577350269190   0.577350269190
         0,   93  -0.000000000000  -0.707106781187  -0.707106781187
                   0.577350269190  -0.577350269190   0.577350269190
0,   93 5724.466194249212 7653.710409091187 9445.588802811359    2    0
         0,   92   0.000000000000   0.707106781187   0.707106781187
                   0.577350269190  -0.577350269190   0.577350269190
         0,   94  -0.000000000000  -0.707106781187  -0.707106781187
                   0.577350269190  -0.577350269190   0.577350269190
0,   94 5910.478370847551 7623.106818124982 9228.973035246816    2    0
         0,   93   0.000000000000   0.707106781187   0.707106781187
                   0.577350269190  -0.577350269190   0.577350269190
         0,   95  -0.000000000000  -0.707106781187  -0.707106781187
                   0.577350269190  -0.577350269190   0.577350269190
0,   95 6127.094138412094 7653.710409091186 9042.960858648477    2    0
         0,   94   0.000000000000   0.707106781187   0.707106781187
                   0.577350269190  -0.577350269190   0.577350269190
         0,   72  -0.000000000000  -0.707106781187  -0.707106781187
                   0.577350269190  -0.577350269190   0.577350269190
0,   96 6375.328003376783 5004.917976659697 10317.072007957328    2    0
         0,   97   0.000000000000   0.707106781187   0.707106781187
                   0.577350269190   0.577350269190  -0.577350269190
         0,  119  -0.000000000000  -0.707106781187  -0.707106781187
                   0.577350269190   0.577350269190  -0.577350269190
0,   97 6607.785355322490 4862.185813463083 10406.797196706419    2    0
         0,   96  -0.000000000000  -0.707106781187  -0.707106781187
                   0.577350269190   0.577350269190  -0.577350269190
         0,   98   0.000000000000   0.707106781187   0.707106781187
                   0.577350269190   0.577350269190  -0.577350269190
0,   98 6824.401122887032 4676.173636864743 10437.400787672623    2    0
         0,   97  -0.000000000000  -0.707106781187  -0.707106781187
                   0.577350269190   0.577350269190  -0.577350269190
         0,   99   0.000000000000   0.707106781187   0.707106781187
                   0.577350269190   0.577350269190  -0.577350269190
0,   99 7010.413299485372 4459.557869300201 10406.797196706419    2    0
         0,   98  -0.000000000000  -0.707106781187  -0.707106781187
                   0.577350269190   0.577350269190  -0.577350269190
         0,  100   0.000000000000   0.707106781187   0.707106781187
                   0.577350269190   0.577350269190  -0.577350269190
0,  100 7153.145462681986 4227.100517354495 10317.072007957328    2    0
         0,   99  -0.000000000000  -0.707106781187  -0.707106781187
                   0.577350269190   0.577350269190  -0.577350269190
         0,  101   0.000000000000   0.707106781187   0.707106781187
                   0.577350269190   0.577350269190  -0.577350269190
0,  101 7242.870651431078 3994.643165408789 10174.339844760714    2    0
         0,  100  -0.000000000000  -0.707106781187  -0.707106781187
                   0.577350269190   0.577350269190  -0.577350269190
         0,  102   0.000000000000   0.707106781187   0.707106781187
                   0.577350269190   0.577350269190  -0.577350269190
0,  102 7273.474242397282 3778.027397844245 9988.327668162374    2    0
         0,  101  -0.000000000000  -0.707106781187  -0.707106781187
                   0.577350269190   0.577350269190  -0.577350269190
         0,  103   0.000000000000   0.707106781187   0.707106781187
                   0.577350269190   0.577350269190  -0.577350269190
0,  103 7242.870651431078 3592.015221245906 9771.711900597831    2    0
         0,  102  -0.000000000000  -0.707106781187  -0.707106781187
                   0.577350269190   0.577350269190  -0.577350269190
         0,  104   0.000000000000   0.707106781187   0.707106781187
                   0.577350269190   0.577350269190  -0.577350269190
0,  104 7153.145462681986 3449.283058049292 9539.254548652125    2    0
         0,  103  -0.000000000000  -0.707106781187  -0.707106781187
                   0.577350269190   0.577350269190  -0.577350269190
         0,  105   0.000000000000   0.707106781187   0.707106781187
                   0.577350269190   0.577350269190  -0.577350269190
0,  105 7010.413299485372 3359.557869300200 9306.797196706419    2    0
         0,  104  -0.000000000000  -0.707106781187  -0.707106781187
                   0.577350269190   0.577350269190  -0.577350269190
         0,  106   0.000000000000   0.707106781187   0.707106781187
                   0.577350269190   0.577350269190  -0.577350269190
0,  106 6824.401122887032 3328.954278333996 9090.181429141876    2    0
         0,  105  -0.000000000000  -0.707106781187  -0.707106781187
                   0.577350269190   0.577350269190  -0.577350269190
         0,  107   0.000000000000   0.707106781187   0.707106781187
                   0.577350269190   0.577350269190  -0.577350269190
0,  107 6607.785355322490 3359.557869300200 8904.169252543537    2    0
         0,  106  -0.000000000000  -0.707106781187  -0.707106781187
                   0.577350269190   0.577350269190  -0.577350269190
         0,  108   0.000000000000   0.707106781187   0.707106781187
                   0.577350269190   0.577350269190  -0.577350269190
0,  108 6375.328003376783 3449.283058049292 8761.437089346922    2    0
         0,  107  -0.000000000000  -0.707106781187  -0.707106781187
                   0.577350269190   0.577350269190  -0.577350269190
         0,  109   0.000000000000   0.707106781187   0.707106781187
                   0.577350269190   0.577350269190  -0.577350269190
0,  109 6142.870651431077 3592.015221245906 8671.711900597831    2    0
         0,  108  -0.000000000000  -0.707106781187  -0.707106781187
                   0.577350269190   0.577350269190  -0.577350269190
         0,  110   0.000000000000   0.707106781187   0.707106781187
                   0.577350269190   0.577350269190  -0.577350269190
0,  110 5926.254883866534 3778.027397844245 8641.108309631625    2    0
         0,  109  -0.000000000000  -0.707106781187  -0.707106781187
                   0.577350269190   0.577350269190  -0.577350269190
         0,  111   0.000000000000   0.707106781187   0.707106781187
                   0.577350269190   0.577350269190  -0.577350269190
0,  111 5740.242707268195 3994.643165408788 8671.711900597831    2    0
         0,  110  -0.000000000000  -0.707106781187  -0.707106781187
                   0.577350269190   0.577350269190  -0.577350269190
         0,  112   0.000000000000   0.707106781187   0.707106781187
                   0.577350269190   0.577350269190  -0.577350269190
0,  112 5597.510544071582 4227.100517354494 8761.437089346922    2    0
         0,  111  -0.000000000000  -0.707106781187  -0.707106781187
                   0.577350269190   0.577350269190  -0.577350269190
         0,  113   0.000000000000   0.707106781187   0.707106781187
                   0.577350269190   0.577350269190  -0.577350269190
0,  113 5507.785355322489 4459.557869300201 8904.169252543537    2    0
         0,  112  -0.000000000000  -0.707106781187  -0.707106781187
                   0.577350269190   0.577350269190  -0.577350269190
         0,  114   0.000000000000   0.707106781187   0.707106781187
                   0.577350269190   0.577350269190  -0.577350269190
0,  114 5477.181764356284 4676.173636864743 9090.181429141876    2    0
         0,  113  -0.000000000000  -0.707106781187  -0.707106781187
                   0.577350269190   0.577350269190  -0.577350269190
         0,  115   0.000000000000   0.707106781187   0.707106781187
                   0.577350269190   0.577350269190  -0.577350269190
0,  115 5507.785355322489 4862.185813463083 9306.797196706419    2    0
         0,  114  -0.000000000000  -0.707106781187  -0.707106781187
                   0.577350269190   0.577350269190  -0.577350269190
         0,  116   0.000000000000   0.707106781187   0.707106781187
                   0.577350269190   0.577350269190  -0.577350269190
0,  116 5597.510544071581 5004.917976659697 9539.254548652125    2    0
         0,  115  -0.000000000000  -0.707106781187  -0.707106781187
                   0.577350269190   0.577350269190  -0.577350269190
         0,  117   0.000000000000   0.707106781187   0.707106781187
                   0.577350269190   0.577350269190  -0.577350269190
0,  117 5740.242707268195 5094.643165408788 9771.711900597831    2    0
         0,  116  -0.000000000000  -0.707106781187  -0.707106781187
                   0.577350269190   0.577350269190  -0.577350269190
         0,  118   0.000000000000   0.707106781187   0.707106781187
                   0.577350269190   0.577350269190  -0.577350269190
0,  118 5926.254883866533 5125.246756374993 9988.327668162374    2    0
         0,  117  -0.000000000000  -0.707106781187  -0.707106781187
                   0.577350269190   0.577350269190  -0.577350269190
         0,  119   0.000000000000   0.707106781187   0.707106781187
                   0.577350269190   0.577350269190  -0.577350269190
0,  119 6142.870651431077 5094.643165408789 10174.339844760712    2    0
         0,  118  -0.000000000000  -0.707106781187  -0.707106781187
                   0.577350269190   0.577350269190  -0.577350269190
         0,   96   0.000000000000   0.707106781187   0.707106781187
                   0.577350269190   0.577350269190  -0.577350269190
0,  120 7391.653364513943 8889.082097374097 2563.862035690283    2    0
         0,  121   0.707106781187   0.000000000000  -0.707106781187
                   0.577350269190  -0.577350269190   0.577350269190
         0,  143  -0.707106781187  -0.000000000000   0.707106781187
                   0.577350269190  -0.577350269190   0.577350269190
0,  121 7481.378553263035 9121.539449319804 2706.594198886897    2    0
         0,  120  -0.707106781187  -0.000000000000   0.707106781187
                   0.577350269190  -0.577350269190   0.577350269190
         0,  122   0.707106781187   0.000000000000  -0.707106781187
                   0.577350269190  -0.577350269190   0.577350269190
0,  122 7511.982144229240 9338.155216884346 2892.606375485236    2    0
         0,  121  -0.707106781187  -0.000000000000   0.707106781187
                   0.577350269190  -0.577350269190   0.577350269190
         0,  123   0.707106781187   0.000000000000  -0.707106781187
                   0.577350269190  -0.577350269190   0.577350269190
0,  123 7481.378553263035 9524.167393482687 3109.222143049780    2    0
         0,  122  -0.707106781187  -0.000000000000   0.707106781187
                   0.577350269190  -0.577350269190   0.577350269190
         0,  124   0.707106781187   0.000000000000  -0.707106781187
                   0.577350269190  -0.577350269190   0.577350269190
0,  124 7391.653364513943 9666.899556679300 3341.679494995486    2    0
         0,  123  -0.707106781187  -0.000000000000   0.707106781187
                   0.577350269190  -0.577350269190   0.577350269190
         0,  125   0.707106781187   0.000000000000  -0.707106781187
                   0.577350269190  -0.577350269190   0.577350269190
0,  125 7248.921201317329 9756.624745428391 3574.136846941191    2    0
         0,  124  -0.707106781187  -0.000000000000   0.707106781187
                   0.577350269190  -0.577350269190   0.577350269190
         0,  126   0.707106781187   0.000000000000  -0.707106781187
                   0.577350269190  -0.577350269190   0.577350269190
0,  126 7062.909024718991 9787.228336394597 3790.752614505735    2    0
         0,  125  -0.707106781187  -0.000000000000   0.707106781187
                   0.577350269190  -0.577350269190   0.577350269190
         0,  127   0.707106781187   0.000000000000  -0.707106781187
                   0.577350269190  -0.577350269190   0.577350269190
0,  127 6846.293257154447 9756.624745428391 3976.764791104074    2    0
         0,  126  -0.707106781187  -0.000000000000   0.707106781187
                   0.577350269190  -0.577350269190   0.577350269190
         0,  128   0.707106781187   0.000000000000  -0.707106781187
                   0.577350269190  -0.577350269190   0.577350269190
0,  128 6613.835905208741 9666.899556679300 4119.496954300688    2    0
         0,  127  -0.707106781187  -0.000000000000   0.707106781187
                   0.577350269190  -0.577350269190   0.577350269190
         0,  129   0.707106781187   0.000000000000  -0.707106781187
                   0.577350269190  -0.577350269190   0.577350269190
0,  129 6381.378553263035 9524.167393482687 4209.222143049779    2    0
         0,  128  -0.707106781187  -0.000000000000   0.707106781187
                   0.577350269190  -0.577350269190   0.577350269190
         0,  130   0.707106781187   0.000000000000  -0.707106781187
                   0.577350269190  -0.577350269190   0.577350269190
0,  130 6164.762785698491 9338.155216884346 4239.825734015984    2    0
         0,  129  -0.707106781187  -0.000000000000   0.707106781187
                   0.577350269190  -0.577350269190   0.577350269190
         0,  131   0.707106781187   0.000000000000  -0.707106781187
                   0.577350269190  -0.577350269190   0.577350269190
0,  131 5978.750609100152 9121.539449319804 4209.222143049780    2    0
         0,  130  -0.707106781187  -0.000000000000   0.707106781187
                   0.577350269190  -0.577350269190   0.577350269190
         0,  132   0.707106781187   0.000000000000  -0.707106781187
                   0.577350269190  -0.577350269190   0.577350269190
0,  132 5836.018445903538 8889.082097374097 4119.496954300688    2    0
         0,  131  -0.707106781187  -0.000000000000   0.707106781187
                   0.577350269190  -0.577350269190   0.577350269190
         0,  133   0.707106781187   0.000000000000  -0.707106781187
                   0.577350269190  -0.577350269190   0.577350269190
0,  133 5746.293257154446 8656.624745428391 3976.764791104074    2    0
         0,  132  -0.707106781187  -0.000000000000   0.707106781187
                   0.577350269190  -0.577350269190   0.577350269190
         0,  134   0.707106781187   0.000000000000  -0.707106781187
                   0.577350269190  -0.577350269190   0.577350269190
0,  134 5715.689666188242 8440.008977863848 3790.752614505735    2    0
         0,  133  -0.707106781187  -0.000000000000   0.707106781187
                   0.577350269190  -0.577350269190   0.577350269190
         0,  135   0.707106781187   0.000000000000  -0.707106781187
                   0.577350269190  -0.577350269190   0.577350269190
0,  135 5746.293257154446 8253.996801265510 3574.136846941192    2    0
         0,  134  -0.707106781187  -0.000000000000   0.707106781187
                   0.577350269190  -0.577350269190   0.577350269190
         0,  136   0.707106781187   0.000000000000  -0.707106781187
                   0.577350269190  -0.577350269190   0.577350269190
0,  136 5836.018445903538 8111.264638068896 3341.679494995486    2    0
         0,  135  -0.707106781187  -0.000000000000   0.707106781187
                   0.577350269190  -0.577350269190   0.577350269190
         0,  137   0.707106781187   0.000000000000  -0.707106781187
                   0.577350269190  -0.577350269190   0.577350269190
0,  137 5978.750609100152 8021.539449319803 3109.222143049780    2    0
         0,  136  -0.707106781187  -0.000000000000   0.707106781187
                   0.577350269190  -0.577350269190   0.577350269190
         0,  138   0.707106781187   0.000000000000  -0.707106781187
                   0.577350269190  -0.577350269190   0.577350269190
0,  138 6164.762785698491 7990.935858353599 2892.606375485236    2    0
         0,  137  -0.707106781187  -0.000000000000   0.707106781187
                   0.577350269190  -0.577350269190   0.577350269190
         0,  139   0.707106781187   0.000000000000  -0.707106781187
                   0.577350269190  -0.577350269190   0.577350269190
0,  139 6381.378553263035 8021.539449319803 2706.594198886898    2    0
         0,  138  -0.707106781187  -0.000000000000   0.707106781187
                   0.577350269190  -0.577350269190   0.577350269190
         0,  140   0.707106781187   0.000000000000  -0.707106781187
                   0.577350269190  -0.577350269190   0.577350269190
0,  140 6613.835905208741 8111.264638068895 2563.862035690283    2    0
         0,  139  -0.707106781187  -0.000000000000   0.707106781187
                   0.577350269190  -0.577350269190   0.577350269190
         0,  141   0.707106781187   0.000000000000  -0.707106781187
                   0.577350269190  -0.577350269190   0.577350269190
0,  141 6846.293257154446 8253.996801265508 2474.136846941191    2    0
         0,  140  -0.707106781187  -0.000000000000   0.707106781187
                   0.577350269190  -0.577350269190   0.577350269190
         0,  142   0.707106781187   0.000000000000  -0.707106781187
                   0.577350269190  -0.577350269190   0.577350269190
0,  142 7062.909024718990 8440.008977863848 2443.533255974987    2    0
         0,  141  -0.707106781187  -0.000000000000   0.707106781187
                   0.577350269190  -0.577350269190   0.577350269190
         0,  143   0.707106781187   0.000000000000  -0.707106781187
                   0.577350269190  -0.577350269190   0.577350269190
0,  143 7248.921201317328 8656.624745428391 2474.136846941191    2    0
         0,  142  -0.707106781187  -0.000000000000   0.707106781187
                   0.577350269190  -0.577350269190   0.577350269190
         0,  120   0.707106781187   0.000000000000  -0.707106781187
                   0.577350269190  -0.577350269190   0.577350269190
