dataFileVersion = 4
numFileSegments = 1
minCoordinates = [
 0.000000
 0.000000
 0.000000
 ]
maxCoordinates = [
 6400.000000
 6400.000000
 6400.000000
 ]
nodeCount = 69
dataDecompType = 2
dataDecompGeometry = [
 1
 1
 1
 ]

#
#  END OF DATA FILE PARAMETERS
#

domainDecomposition = 
# Dom_ID  Minimum XYZ bounds   Maximum XYZ bounds
  0  0.000000  0.000000  0.000000  6400.000000  6400.000000  6400.000000
nodalData =
# Primary lines: node_tag, x, y, z, num_arms, constraint
# Secondary lines: arm_tag, burgx, burgy, burgz, nx, ny, nz
0,    0 4438.271333599270 2723.975708264792 2153.847940520386    2    0
         0,    1   0.707106781187   0.000000000000  -0.707106781187
                   0.577350269190   0.577350269190   0.577350269190
         0,   16  -0.707106781187  -0.000000000000   0.707106781187
                   0.577350269190   0.577350269190   0.577350269190
0,    1 4282.090823861820 2959.937776529148 2074.066381993480    2    0
         0,    0  -0.707106781187  -0.000000000000   0.707106781187
                   0.577350269190   0.577350269190   0.577350269190
         0,    2   0.707106781187   0.000000000000  -0.707106781187
                   0.577350269190   0.577350269190   0.577350269190
0,    2 4070.604406179950 3164.031859963446 2081.458716241052    2    0
         0,    1  -0.707106781187  -0.000000000000   0.707106781187
                   0.577350269190   0.577350269190   0.577350269190
         0,    3   0.707106781187   0.000000000000  -0.707106781187
                   0.577350269190   0.577350269190   0.577350269190
0,    3 3832.374493148291 3308.693921675527 2175.026567560631    2    0
         0,    2  -0.707106781187  -0.000000000000   0.707106781187
                   0.577350269190   0.577350269190   0.577350269190
         0,    4   0.707106781187   0.000000000000  -0.707106781187
                   0.577350269190   0.577350269190   0.577350269190
0,    4 3599.575354599287 3374.386548631017 2342.133079154145    2    0
         0,    3  -0.707106781187  -0.000000000000   0.707106781187
                   0.577350269190   0.577350269190   0.577350269190
         0,    5   0.707106781187   0.000000000000  -0.707106781187
                   0.577350269190   0.577350269190   0.577350269190
0,    5 3403.647804178540 3352.237587544166 2560.209590661742    2    0
         0,    4  -0.707106781187  -0.000000000000   0.707106781187
                   0.577350269190   0.577350269190   0.577350269190
         0,    6   0.707106781187   0.000000000000  -0.707106781187
                   0.577350269190   0.577350269190   0.577350269190
0,    6 3271.052943242407 3245.238378341384 2799.803660800657    2    0
         0,    5  -0.707106781187  -0.000000000000   0.707106781187
                   0.577350269190   0.577350269190   0.577350269190
         0,    7   0.707106781187   0.000000000000  -0.707106781187
                   0.577350269190   0.577350269190   0.577350269190
0,    7 3219.698442493802 3067.839757128591 3028.556782762055    2    0
         0,    6  -0.707106781187  -0.000000000000   0.707106781187
                   0.577350269190   0.577350269190   0.577350269190
         0,    8   0.707106781187   0.000000000000  -0.707106781187
                   0.577350269190   0.577350269190   0.577350269190
0,    8 3256.520011823935 2844.000390700271 3215.574579860243    2    0
         0,    7  -0.707106781187  -0.000000000000   0.707106781187
                   0.577350269190   0.577350269190   0.577350269190
         0,    9   0.707106781187   0.000000000000  -0.707106781187
                   0.577350269190   0.577350269190   0.577350269190
0,    9 3376.544694259414 2603.951025829314 3335.599262295721    2    0
         0,    8  -0.707106781187  -0.000000000000   0.707106781187
                   0.577350269190   0.577350269190   0.577350269190
         0,   10   0.707106781187   0.000000000000  -0.707106781187
                   0.577350269190   0.577350269190   0.577350269190
0,   10 3563.562491357601 2380.111659400993 3372.420831625855    2    0
         0,    9  -0.707106781187  -0.000000000000   0.707106781187
                   0.577350269190   0.577350269190   0.577350269190
         0,   11   0.707106781187   0.000000000000  -0.707106781187
                   0.577350269190   0.577350269190   0.577350269190
0,   11 3792.315613318998 2202.713038188201 3321.066330877250    2    0
         0,   10  -0.707106781187  -0.000000000000   0.707106781187
                   0.577350269190   0.577350269190   0.577350269190
         0,   12   0.707106781187   0.000000000000  -0.707106781187
                   0.577350269190   0.577350269190   0.577350269190
0,   12 4031.909683457914 2095.713828985418 3188.471469941117    2    0
         0,   11  -0.707106781187  -0.000000000000   0.707106781187
                   0.577350269190   0.577350269190   0.577350269190
         0,   13   0.707106781187   0.000000000000  -0.707106781187
                   0.577350269190   0.577350269190   0.577350269190
0,   13 4249.986194965512 2073.564867898567 2992.543919520369    2    0
         0,   12  -0.707106781187  -0.000000000000   0.707106781187
                   0.577350269190   0.577350269190   0.577350269190
         0,   14   0.707106781187   0.000000000000  -0.707106781187
                   0.577350269190   0.577350269190   0.577350269190
0,   14 4417.092706559025 2139.257494854057 2759.744780971366    2    0
         0,   13  -0.707106781187  -0.000000000000   0.707106781187
                   0.577350269190   0.577350269190   0.577350269190
         0,   15   0.707106781187   0.000000000000  -0.707106781187
                   0.577350269190   0.577350269190   0.577350269190
0,   15 4510.660557878604 2283.919556566138 2521.514867939707    2    0
         0,   14  -0.707106781187  -0.000000000000   0.707106781187
                   0.577350269190   0.577350269190   0.577350269190
         0,   16   0.707106781187   0.000000000000  -0.707106781187
                   0.577350269190   0.577350269190   0.577350269190
0,   16 4518.052892126177 2488.013640000436 2310.028450257836    2    0
         0,   15  -0.707106781187  -0.000000000000   0.707106781187
                   0.577350269190   0.577350269190   0.577350269190
         0,    0   0.707106781187   0.000000000000  -0.707106781187
                   0.577350269190   0.577350269190   0.577350269190
0,   17 3088.750950496200 3114.454861236408 3112.889170651841    2    0
         0,   18  -0.707106781187  -0.000000000000  -0.707106781187
                  -0.577350269190   0.577350269190   0.577350269190
         0,   68   0.707106781187   0.000000000000   0.707106781187
                  -0.577350269190   0.577350269190   0.577350269190
0,   18 2842.597104342354 2991.377938159485 2989.812247574918    2    0
         0,   17   0.707106781187   0.000000000000   0.707106781187
                  -0.577350269190   0.577350269190   0.577350269190
         0,   19  -0.707106781187  -0.000000000000  -0.707106781187
                  -0.577350269190   0.577350269190   0.577350269190
0,   19 2596.443258188508 2868.301015082562 2866.735324497995    2    0
         0,   18   0.707106781187   0.000000000000   0.707106781187
                  -0.577350269190   0.577350269190   0.577350269190
         0,   20  -0.707106781187  -0.000000000000  -0.707106781187
                  -0.577350269190   0.577350269190   0.577350269190
0,   20 2350.289412034661 2745.224092005639 2743.658401421072    2    0
         0,   19   0.707106781187   0.000000000000   0.707106781187
                  -0.577350269190   0.577350269190   0.577350269190
         0,   21  -0.707106781187  -0.000000000000  -0.707106781187
                  -0.577350269190   0.577350269190   0.577350269190
0,   21 2104.135565880815 2622.147168928715 2620.581478344149    2    0
         0,   20   0.707106781187   0.000000000000   0.707106781187
                  -0.577350269190   0.577350269190   0.577350269190
         0,   22  -0.707106781187  -0.000000000000  -0.707106781187
                  -0.577350269190   0.577350269190   0.577350269190
0,   22 1857.981719726969 2499.070245851793 2497.504555267225    2    0
         0,   21   0.707106781187   0.000000000000   0.707106781187
                  -0.577350269190   0.577350269190   0.577350269190
         0,   23  -0.707106781187  -0.000000000000  -0.707106781187
                  -0.577350269190   0.577350269190   0.577350269190
0,   23 1611.827873573123 2375.993322774869 2374.427632190303    2    0
         0,   22   0.707106781187   0.000000000000   0.707106781187
                  -0.577350269190   0.577350269190   0.577350269190
         0,   24  -0.707106781187  -0.000000000000  -0.707106781187
                  -0.577350269190   0.577350269190   0.577350269190
0,   24 1365.674027419277 2252.916399697946 2251.350709113380    2    0
         0,   23   0.707106781187   0.000000000000   0.707106781187
                  -0.577350269190   0.577350269190   0.577350269190
         0,   25  -0.707106781187  -0.000000000000  -0.707106781187
                  -0.577350269190   0.577350269190   0.577350269190
0,   25 1119.520181265431 2129.839476621023 2128.273786036456    2    0
         0,   24   0.707106781187   0.000000000000   0.707106781187
                  -0.577350269190   0.577350269190   0.577350269190
         0,   26  -0.707106781187  -0.000000000000  -0.707106781187
                  -0.577350269190   0.577350269190   0.577350269190
0,   26 873.366335111585 2006.762553544100 2005.196862959534    2    0
         0,   25   0.707106781187   0.000000000000   0.707106781187
                  -0.577350269190   0.577350269190   0.577350269190
         0,   27  -0.707106781187  -0.000000000000  -0.707106781187
                  -0.577350269190   0.577350269190   0.577350269190
0,   27 627.212488957738 1883.685630467177 1882.119939882610    2    0
         0,   26   0.707106781187   0.000000000000   0.707106781187
                  -0.577350269190   0.577350269190   0.577350269190
         0,   28  -0.707106781187  -0.000000000000  -0.707106781187
                  -0.577350269190   0.577350269190   0.577350269190
0,   28 381.058642803892 1760.608707390254 1759.043016805687    2    0
         0,   27   0.707106781187   0.000000000000   0.707106781187
                  -0.577350269190   0.577350269190   0.577350269190
         0,   29  -0.707106781187  -0.000000000000  -0.707106781187
                  -0.577350269190   0.577350269190   0.577350269190
0,   29 134.904796650046 1637.531784313331 1635.966093728764    2    0
         0,   28   0.707106781187   0.000000000000   0.707106781187
                  -0.577350269190   0.577350269190   0.577350269190
         0,   30  -0.707106781187  -0.000000000000  -0.707106781187
                  -0.577350269190   0.577350269190   0.577350269190
0,   30 6288.750950496200 1514.454861236408 1512.889170651841    2    0
         0,   29   0.707106781187   0.000000000000   0.707106781187
                  -0.577350269190   0.577350269190   0.577350269190
         0,   31  -0.707106781187  -0.000000000000  -0.707106781187
                  -0.577350269190   0.577350269190   0.577350269190
0,   31 6042.597104342354 1391.377938159485 1389.812247574918    2    0
         0,   30   0.707106781187   0.000000000000   0.707106781187
                  -0.577350269190   0.577350269190   0.577350269190
         0,   32  -0.707106781187  -0.000000000000  -0.707106781187
                  -0.577350269190   0.577350269190   0.577350269190
0,   32 5796.443258188508 1268.301015082562 1266.735324497995    2    0
         0,   31   0.707106781187   0.000000000000   0.707106781187
                  -0.577350269190   0.577350269190   0.577350269190
         0,   33  -0.707106781187  -0.000000000000  -0.707106781187
                  -0.577350269190   0.577350269190   0.577350269190
0,   33 5550.289412034661 1145.224092005639 1143.658401421072    2    0
         0,   32   0.707106781187   0.000000000000   0.707106781187
                  -0.577350269190   0.577350269190   0.577350269190
         0,   34  -0.707106781187  -0.000000000000  -0.707106781187
                  -0.577350269190   0.577350269190   0.577350269190
0,   34 5304.135565880815 1022.147168928715 1020.581478344149    2    0
         0,   33   0.707106781187   0.000000000000   0.707106781187
                  -0.577350269190   0.577350269190   0.577350269190
         0,   35  -0.707106781187  -0.000000000000  -0.707106781187
                  -0.577350269190   0.577350269190   0.577350269190
0,   35 5057.981719726969 899.070245851793 897.504555267226    2    0
         0,   34   0.707106781187   0.000000000000   0.707106781187
                  -0.577350269190   0.577350269190   0.577350269190
         0,   36  -0.707106781187  -0.000000000000  -0.707106781187
                  -0.577350269190   0.577350269190   0.577350269190
0,   36 4811.827873573124 775.993322774870 774.427632190303    2    0
         0,   35   0.707106781187   0.000000000000   0.707106781187
                  -0.577350269190   0.577350269190   0.577350269190
         0,   37  -0.707106781187  -0.000000000000  -0.707106781187
                  -0.577350269190   0.577350269190   0.577350269190
0,   37 4565.674027419276 652.916399697946 651.350709113379    2    0
         0,   36   0.707106781187   0.000000000000   0.707106781187
                  -0.577350269190   0.577350269190   0.577350269190
         0,   38  -0.707106781187  -0.000000000000  -0.707106781187
                  -0.577350269190   0.577350269190   0.577350269190
0,   38 4319.520181265430 529.839476621023 528.273786036456    2    0
         0,   37   0.707106781187   0.000000000000   0.707106781187
                  -0.577350269190   0.577350269190   0.577350269190
         0,   39  -0.707106781187  -0.000000000000  -0.707106781187
                  -0.577350269190   0.577350269190   0.577350269190
0,   39 4073.366335111585 406.762553544100 405.196862959534    2    0
         0,   38   0.707106781187   0.000000000000   0.707106781187
                  -0.577350269190   0.577350269190   0.577350269190
         0,   40  -0.707106781187  -0.000000000000  -0.707106781187
                  -0.577350269190   0.577350269190   0.577350269190
0,   40 3827.212488957739 283.685630467177 282.119939882611    2    0
         0,   39   0.707106781187   0.000000000000   0.707106781187
                  -0.577350269190   0.577350269190   0.577350269190
         0,   41  -0.707106781187  -0.000000000000  -0.707106781187
                  -0.577350269190   0.577350269190   0.577350269190
0,   41 3581.058642803892 160.608707390254 159.043016805687    2    0
         0,   40   0.707106781187   0.000000000000   0.707106781187
                  -0.577350269190   0.577350269190   0.577350269190
         0,   42  -0.707106781187  -0.000000000000  -0.707106781187
                  -0.577350269190   0.577350269190   0.577350269190
0,   42 3334.904796650046  37.531784313331  35.966093728764    2    0
         0,   41   0.707106781187   0.000000000000   0.707106781187
                  -0.577350269190   0.577350269190   0.577350269190
         0,   43  -0.707106781187  -0.000000000000  -0.707106781187
                  -0.577350269190   0.577350269190   0.577350269190
0,   43 3088.750950496200 6314.454861236408 6312.889170651841    2    0
         0,   42   0.707106781187   0.000000000000   0.707106781187
                  -0.577350269190   0.577350269190   0.577350269190
         0,   44  -0.707106781187  -0.000000000000  -0.707106781187
                  -0.577350269190   0.577350269190   0.577350269190
0,   44 2842.597104342353 6191.377938159485 6189.812247574918    2    0
         0,   43   0.707106781187   0.000000000000   0.707106781187
                  -0.577350269190   0.577350269190   0.577350269190
         0,   45  -0.707106781187  -0.000000000000  -0.707106781187
                  -0.577350269190   0.577350269190   0.577350269190
0,   45 2596.443258188508 6068.301015082561 6066.735324497995    2    0
         0,   44   0.707106781187   0.000000000000   0.707106781187
                  -0.577350269190   0.577350269190   0.577350269190
         0,   46  -0.707106781187  -0.000000000000  -0.707106781187
                  -0.577350269190   0.577350269190   0.577350269190
0,   46 2350.289412034661 5945.224092005638 5943.658401421071    2    0
         0,   45   0.707106781187   0.000000000000   0.707106781187
                  -0.577350269190   0.577350269190   0.577350269190
         0,   47  -0.707106781187  -0.000000000000  -0.707106781187
                  -0.577350269190   0.577350269190   0.577350269190
0,   47 2104.135565880816 5822.147168928715 5820.581478344149    2    0
         0,   46   0.707106781187   0.000000000000   0.707106781187
                  -0.577350269190   0.577350269190   0.577350269190
         0,   48  -0.707106781187  -0.000000000000  -0.707106781187
                  -0.577350269190   0.577350269190   0.577350269190
0,   48 1857.981719726969 5699.070245851793 5697.504555267225    2    0
         0,   47   0.707106781187   0.000000000000   0.707106781187
                  -0.577350269190   0.577350269190   0.577350269190
         0,   49  -0.707106781187  -0.000000000000  -0.707106781187
                  -0.577350269190   0.577350269190   0.577350269190
0,   49 1611.827873573123 5575.993322774870 5574.427632190303    2    0
         0,   48   0.707106781187   0.000000000000   0.707106781187
                  -0.577350269190   0.577350269190   0.577350269190
         0,   50  -0.707106781187  -0.000000000000  -0.707106781187
                  -0.577350269190   0.577350269190   0.577350269190
0,   50 1365.674027419277 5452.916399697946 5451.350709113380    2    0
         0,   49   0.707106781187   0.000000000000   0.707106781187
                  -0.577350269190   0.577350269190   0.577350269190
         0,   51  -0.707106781187  -0.000000000000  -0.707106781187
                  -0.577350269190   0.577350269190   0.577350269190
0,   51 1119.520181265430 5329.839476621023 5328.273786036456    2    0
         0,   50   0.707106781187   0.000000000000   0.707106781187
                  -0.577350269190   0.577350269190   0.577350269190
         0,   52  -0.707106781187  -0.000000000000  -0.707106781187
                  -0.577350269190   0.577350269190   0.577350269190
0,   52 873.366335111585 5206.762553544100 5205.196862959534    2    0
         0,   51   0.707106781187   0.000000000000   0.707106781187
                  -0.577350269190   0.577350269190   0.577350269190
         0,   53  -0.707106781187  -0.000000000000  -0.707106781187
                  -0.577350269190   0.577350269190   0.577350269190
0,   53 627.212488957739 5083.685630467177 5082.119939882610    2    0
         0,   52   0.707106781187   0.000000000000   0.707106781187
                  -0.577350269190   0.577350269190   0.577350269190
         0,   54  -0.707106781187  -0.000000000000  -0.707106781187
                  -0.577350269190   0.577350269190   0.577350269190
0,   54 381.058642803891 4960.608707390254 4959.043016805686    2    0
         0,   53   0.707106781187   0.000000000000   0.707106781187
                  -0.577350269190   0.577350269190   0.577350269190
         0,   55  -0.707106781187  -0.000000000000  -0.707106781187
                  -0.577350269190   0.577350269190   0.577350269190
0,   55 134.904796650048 4837.531784313332 4835.966093728764    2    0
         0,   54   0.707106781187   0.000000000000   0.707106781187
                  -0.577350269190   0.577350269190   0.577350269190
         0,   56  -0.707106781187  -0.000000000000  -0.707106781187
                  -0.577350269190   0.577350269190   0.577350269190
0,   56 6288.750950496200 4714.454861236408 4712.889170651841    2    0
         0,   55   0.707106781187   0.000000000000   0.707106781187
                  -0.577350269190   0.577350269190   0.577350269190
         0,   57  -0.707106781187  -0.000000000000  -0.707106781187
                  -0.577350269190   0.577350269190   0.577350269190
0,   57 6042.597104342352 4591.377938159484 4589.812247574917    2    0
         0,   56   0.707106781187   0.000000000000   0.707106781187
                  -0.577350269190   0.577350269190   0.577350269190
         0,   58  -0.707106781187  -0.000000000000  -0.707106781187
                  -0.577350269190   0.577350269190   0.577350269190
0,   58 5796.443258188508 4468.301015082562 4466.735324497995    2    0
         0,   57   0.707106781187   0.000000000000   0.707106781187
                  -0.577350269190   0.577350269190   0.577350269190
         0,   59  -0.707106781187  -0.000000000000  -0.707106781187
                  -0.577350269190   0.577350269190   0.577350269190
0,   59 5550.289412034661 4345.224092005638 4343.658401421071    2    0
         0,   58   0.707106781187   0.000000000000   0.707106781187
                  -0.577350269190   0.577350269190   0.577350269190
         0,   60  -0.707106781187  -0.000000000000  -0.707106781187
                  -0.577350269190   0.577350269190   0.577350269190
0,   60 5304.135565880815 4222.147168928715 4220.581478344149    2    0
         0,   59   0.707106781187   0.000000000000   0.707106781187
                  -0.577350269190   0.577350269190   0.577350269190
         0,   61  -0.707106781187  -0.000000000000  -0.707106781187
                  -0.577350269190   0.577350269190   0.577350269190
0,   61 5057.981719726969 4099.070245851793 4097.504555267225    2    0
         0,   60   0.707106781187   0.000000000000   0.707106781187
                  -0.577350269190   0.577350269190   0.577350269190
         0,   62  -0.707106781187  -0.000000000000  -0.707106781187
                  -0.577350269190   0.577350269190   0.577350269190
0,   62 4811.827873573122 3975.993322774869 3974.427632190302    2    0
         0,   61   0.707106781187   0.000000000000   0.707106781187
                  -0.577350269190   0.577350269190   0.577350269190
         0,   63  -0.707106781187  -0.000000000000  -0.707106781187
                  -0.577350269190   0.577350269190   0.577350269190
0,   63 4565.674027419278 3852.916399697947 3851.350709113380    2    0
         0,   62   0.707106781187   0.000000000000   0.707106781187
                  -0.577350269190   0.577350269190   0.577350269190
         0,   64  -0.707106781187  -0.000000000000  -0.707106781187
                  -0.577350269190   0.577350269190   0.577350269190
0,   64 4319.520181265430 3729.839476621023 3728.273786036456    2    0
         0,   63   0.707106781187   0.000000000000   0.707106781187
                  -0.577350269190   0.577350269190   0.577350269190
         0,   65  -0.707106781187  -0.000000000000  -0.707106781187
                  -0.577350269190   0.577350269190   0.577350269190
0,   65 4073.366335111585 3606.762553544100 3605.196862959534    2    0
         0,   64   0.707106781187   0.000000000000   0.707106781187
                  -0.577350269190   0.577350269190   0.577350269190
         0,   66  -0.707106781187  -0.000000000000  -0.707106781187
                  -0.577350269190   0.577350269190   0.577350269190
0,   66 3827.212488957739 3483.685630467177 3482.119939882611    2    0
         0,   65   0.707106781187   0.000000000000   0.707106781187
                  -0.577350269190   0.577350269190   0.577350269190
         0,   67  -0.707106781187  -0.000000000000  -0.707106781187
                  -0.577350269190   0.577350269190   0.577350269190
0,   67 3581.058642803891 3360.608707390254 3359.043016805687    2    0
         0,   66   0.707106781187   0.000000000000   0.707106781187
                  -0.577350269190   0.577350269190   0.577350269190
         0,   68  -0.707106781187  -0.000000000000  -0.707106781187
                  -0.577350269190   0.577350269190   0.577350269190
0,   68 3334.904796650048 3237.531784313332 3235.966093728765    2    0
         0,   67   0.707106781187   0.000000000000   0.707106781187
                  -0.577350269190   0.577350269190   0.577350269190
         0,   17  -0.707106781187  -0.000000000000  -0.707106781187
                  -0.577350269190   0.577350269190   0.577350269190
