dataFileVersion = 4
numFileSegments = 1
minCoordinates = [
 0.000000
 0.000000
 0.000000
 ]
maxCoordinates = [
 6400.000000
 6400.000000
 6400.000000
 ]
nodeCount = 51
dataDecompType = 2
dataDecompGeometry = [
 1
 1
 1
 ]

#
#  END OF DATA FILE PARAMETERS
#

domainDecomposition = 
# Dom_ID  Minimum XYZ bounds   Maximum XYZ bounds
  0  0.000000  0.000000  0.000000  6400.000000  6400.000000  6400.000000
nodalData =
# Primary lines: node_tag, x, y, z, num_arms, constraint
# Secondary lines: arm_tag, burgx, burgy, burgz, nx, ny, nz
0,    0 2584.158137364652 3094.346943071590 3905.694374414919    2    0
         0,    1  -0.707106781187  -0.000000000000  -0.707106781187
                  -0.577350269190   0.577350269190   0.577350269190
         0,   16   0.707106781187   0.000000000000   0.707106781187
                  -0.577350269190   0.577350269190   0.577350269190
0,    1 2504.376578837746 2858.384874807234 4061.874884152369    2    0
         0,    0   0.707106781187   0.000000000000   0.707106781187
                  -0.577350269190   0.577350269190   0.577350269190
         0,    2  -0.707106781187  -0.000000000000  -0.707106781187
                  -0.577350269190   0.577350269190   0.577350269190
0,    2 2511.768913085318 2654.290791372936 4273.361301834239    2    0
         0,    1   0.707106781187   0.000000000000   0.707106781187
                  -0.577350269190   0.577350269190   0.577350269190
         0,    3  -0.707106781187  -0.000000000000  -0.707106781187
                  -0.577350269190   0.577350269190   0.577350269190
0,    3 2605.336764404897 2509.628729660855 4511.591214865899    2    0
         0,    2   0.707106781187   0.000000000000   0.707106781187
                  -0.577350269190   0.577350269190   0.577350269190
         0,    4  -0.707106781187  -0.000000000000  -0.707106781187
                  -0.577350269190   0.577350269190   0.577350269190
0,    4 2772.443275998411 2443.936102705365 4744.390353414903    2    0
         0,    3   0.707106781187   0.000000000000   0.707106781187
                  -0.577350269190   0.577350269190   0.577350269190
         0,    5  -0.707106781187  -0.000000000000  -0.707106781187
                  -0.577350269190   0.577350269190   0.577350269190
0,    5 2990.519787506008 2466.085063792216 4940.317903835650    2    0
         0,    4   0.707106781187   0.000000000000   0.707106781187
                  -0.577350269190   0.577350269190   0.577350269190
         0,    6  -0.707106781187  -0.000000000000  -0.707106781187
                  -0.577350269190   0.577350269190   0.577350269190
0,    6 3230.113857644923 2573.084272994998 5072.912764771782    2    0
         0,    5   0.707106781187   0.000000000000   0.707106781187
                  -0.577350269190   0.577350269190   0.577350269190
         0,    7  -0.707106781187  -0.000000000000  -0.707106781187
                  -0.577350269190   0.577350269190   0.577350269190
0,    7 3458.866979606321 2750.482894207791 5124.267265520388    2    0
         0,    6   0.707106781187   0.000000000000   0.707106781187
                  -0.577350269190   0.577350269190   0.577350269190
         0,    8  -0.707106781187  -0.000000000000  -0.707106781187
                  -0.577350269190   0.577350269190   0.577350269190
0,    8 3645.884776704509 2974.322260636111 5087.445696190254    2    0
         0,    7   0.707106781187   0.000000000000   0.707106781187
                  -0.577350269190   0.577350269190   0.577350269190
         0,    9  -0.707106781187  -0.000000000000  -0.707106781187
                  -0.577350269190   0.577350269190   0.577350269190
0,    9 3765.909459139987 3214.371625507068 4967.421013754776    2    0
         0,    8   0.707106781187   0.000000000000   0.707106781187
                  -0.577350269190   0.577350269190   0.577350269190
         0,   10  -0.707106781187  -0.000000000000  -0.707106781187
                  -0.577350269190   0.577350269190   0.577350269190
0,   10 3802.731028470121 3438.210991935389 4780.403216656588    2    0
         0,    9   0.707106781187   0.000000000000   0.707106781187
                  -0.577350269190   0.577350269190   0.577350269190
         0,   11  -0.707106781187  -0.000000000000  -0.707106781187
                  -0.577350269190   0.577350269190   0.577350269190
0,   11 3751.376527721516 3615.609613148181 4551.650094695191    2    0
         0,   10   0.707106781187   0.000000000000   0.707106781187
                  -0.577350269190   0.577350269190   0.577350269190
         0,   12  -0.707106781187  -0.000000000000  -0.707106781187
                  -0.577350269190   0.577350269190   0.577350269190
0,   12 3618.781666785383 3722.608822350964 4312.056024556276    2    0
         0,   11   0.707106781187   0.000000000000   0.707106781187
                  -0.577350269190   0.577350269190   0.577350269190
         0,   13  -0.707106781187  -0.000000000000  -0.707106781187
                  -0.577350269190   0.577350269190   0.577350269190
0,   13 3422.854116364636 3744.757783437815 4093.979513048678    2    0
         0,   12   0.707106781187   0.000000000000   0.707106781187
                  -0.577350269190   0.577350269190   0.577350269190
         0,   14  -0.707106781187  -0.000000000000  -0.707106781187
                  -0.577350269190   0.577350269190   0.577350269190
0,   14 3190.054977815632 3679.065156482325 3926.873001455165    2    0
         0,   13   0.707106781187   0.000000000000   0.707106781187
                  -0.577350269190   0.577350269190   0.577350269190
         0,   15  -0.707106781187  -0.000000000000  -0.707106781187
                  -0.577350269190   0.577350269190   0.577350269190
0,   15 2951.825064783973 3534.403094770244 3833.305150135586    2    0
         0,   14   0.707106781187   0.000000000000   0.707106781187
                  -0.577350269190   0.577350269190   0.577350269190
         0,   16  -0.707106781187  -0.000000000000  -0.707106781187
                  -0.577350269190   0.577350269190   0.577350269190
0,   16 2740.338647102102 3330.309011335946 3825.912815888013    2    0
         0,   15   0.707106781187   0.000000000000   0.707106781187
                  -0.577350269190   0.577350269190   0.577350269190
         0,    0  -0.707106781187  -0.000000000000  -0.707106781187
                  -0.577350269190   0.577350269190   0.577350269190
0,   17 3279.901092425362 3763.929594047608 1393.984980367899    2    0
         0,   18   0.000000000000   0.707106781187  -0.707106781187
                   0.577350269190   0.577350269190   0.577350269190
         0,   33  -0.000000000000  -0.707106781187   0.707106781187
                   0.577350269190   0.577350269190   0.577350269190
0,   18 3043.939024161005 3843.711152574514 1550.165490105349    2    0
         0,   17  -0.000000000000  -0.707106781187   0.707106781187
                   0.577350269190   0.577350269190   0.577350269190
         0,   19   0.000000000000   0.707106781187  -0.707106781187
                   0.577350269190   0.577350269190   0.577350269190
0,   19 2839.844940726708 3836.318818326942 1761.651907787220    2    0
         0,   18  -0.000000000000  -0.707106781187   0.707106781187
                   0.577350269190   0.577350269190   0.577350269190
         0,   20   0.000000000000   0.707106781187  -0.707106781187
                   0.577350269190   0.577350269190   0.577350269190
0,   20 2695.182879014627 3742.750967007363 1999.881820818879    2    0
         0,   19  -0.000000000000  -0.707106781187   0.707106781187
                   0.577350269190   0.577350269190   0.577350269190
         0,   21   0.000000000000   0.707106781187  -0.707106781187
                   0.577350269190   0.577350269190   0.577350269190
0,   21 2629.490252059137 3575.644455413849 2232.680959367883    2    0
         0,   20  -0.000000000000  -0.707106781187   0.707106781187
                   0.577350269190   0.577350269190   0.577350269190
         0,   22   0.000000000000   0.707106781187  -0.707106781187
                   0.577350269190   0.577350269190   0.577350269190
0,   22 2651.639213145987 3357.567943906251 2428.608509788630    2    0
         0,   21  -0.000000000000  -0.707106781187   0.707106781187
                   0.577350269190   0.577350269190   0.577350269190
         0,   23   0.000000000000   0.707106781187  -0.707106781187
                   0.577350269190   0.577350269190   0.577350269190
0,   23 2758.638422348770 3117.973873767336 2561.203370724762    2    0
         0,   22  -0.000000000000  -0.707106781187   0.707106781187
                   0.577350269190   0.577350269190   0.577350269190
         0,   24   0.000000000000   0.707106781187  -0.707106781187
                   0.577350269190   0.577350269190   0.577350269190
0,   24 2936.037043561562 2889.220751805939 2612.557871473368    2    0
         0,   23  -0.000000000000  -0.707106781187   0.707106781187
                   0.577350269190   0.577350269190   0.577350269190
         0,   25   0.000000000000   0.707106781187  -0.707106781187
                   0.577350269190   0.577350269190   0.577350269190
0,   25 3159.876409989883 2702.202954707751 2575.736302143234    2    0
         0,   24  -0.000000000000  -0.707106781187   0.707106781187
                   0.577350269190   0.577350269190   0.577350269190
         0,   26   0.000000000000   0.707106781187  -0.707106781187
                   0.577350269190   0.577350269190   0.577350269190
0,   26 3399.925774860840 2582.178272272273 2455.711619707756    2    0
         0,   25  -0.000000000000  -0.707106781187   0.707106781187
                   0.577350269190   0.577350269190   0.577350269190
         0,   27   0.000000000000   0.707106781187  -0.707106781187
                   0.577350269190   0.577350269190   0.577350269190
0,   27 3623.765141289161 2545.356702942139 2268.693822609569    2    0
         0,   26  -0.000000000000  -0.707106781187   0.707106781187
                   0.577350269190   0.577350269190   0.577350269190
         0,   28   0.000000000000   0.707106781187  -0.707106781187
                   0.577350269190   0.577350269190   0.577350269190
0,   28 3801.163762501953 2596.711203690744 2039.940700648172    2    0
         0,   27  -0.000000000000  -0.707106781187   0.707106781187
                   0.577350269190   0.577350269190   0.577350269190
         0,   29   0.000000000000   0.707106781187  -0.707106781187
                   0.577350269190   0.577350269190   0.577350269190
0,   29 3908.162971704736 2729.306064626877 1800.346630509256    2    0
         0,   28  -0.000000000000  -0.707106781187   0.707106781187
                   0.577350269190   0.577350269190   0.577350269190
         0,   30   0.000000000000   0.707106781187  -0.707106781187
                   0.577350269190   0.577350269190   0.577350269190
0,   30 3930.311932791587 2925.233615047624 1582.270119001658    2    0
         0,   29  -0.000000000000  -0.707106781187   0.707106781187
                   0.577350269190   0.577350269190   0.577350269190
         0,   31   0.000000000000   0.707106781187  -0.707106781187
                   0.577350269190   0.577350269190   0.577350269190
0,   31 3864.619305836096 3158.032753596628 1415.163607408145    2    0
         0,   30  -0.000000000000  -0.707106781187   0.707106781187
                   0.577350269190   0.577350269190   0.577350269190
         0,   32   0.000000000000   0.707106781187  -0.707106781187
                   0.577350269190   0.577350269190   0.577350269190
0,   32 3719.957244124016 3396.262666628287 1321.595756088566    2    0
         0,   31  -0.000000000000  -0.707106781187   0.707106781187
                   0.577350269190   0.577350269190   0.577350269190
         0,   33   0.000000000000   0.707106781187  -0.707106781187
                   0.577350269190   0.577350269190   0.577350269190
0,   33 3515.863160689718 3607.749084310158 1314.203421840993    2    0
         0,   32  -0.000000000000  -0.707106781187   0.707106781187
                   0.577350269190   0.577350269190   0.577350269190
         0,   17   0.000000000000   0.707106781187  -0.707106781187
                   0.577350269190   0.577350269190   0.577350269190
0,   34 2481.453081916630 2646.079708321028 3127.444539899256    2    0
         0,   35  -0.707106781187  -0.707106781187  -0.000000000000
                  -0.577350269190   0.577350269190   0.577350269190
         0,   50   0.707106781187   0.707106781187   0.000000000000
                  -0.577350269190   0.577350269190   0.577350269190
0,   35 2637.633591654080 2566.298149794122 3363.406608163612    2    0
         0,   34   0.707106781187   0.707106781187   0.000000000000
                  -0.577350269190   0.577350269190   0.577350269190
         0,   36  -0.707106781187  -0.707106781187  -0.000000000000
                  -0.577350269190   0.577350269190   0.577350269190
0,   36 2849.120009335951 2573.690484041694 3567.500691597910    2    0
         0,   35   0.707106781187   0.707106781187   0.000000000000
                  -0.577350269190   0.577350269190   0.577350269190
         0,   37  -0.707106781187  -0.707106781187  -0.000000000000
                  -0.577350269190   0.577350269190   0.577350269190
0,   37 3087.349922367610 2667.258335361273 3712.162753309991    2    0
         0,   36   0.707106781187   0.707106781187   0.000000000000
                  -0.577350269190   0.577350269190   0.577350269190
         0,   38  -0.707106781187  -0.707106781187  -0.000000000000
                  -0.577350269190   0.577350269190   0.577350269190
0,   38 3320.149060916614 2834.364846954787 3777.855380265481    2    0
         0,   37   0.707106781187   0.707106781187   0.000000000000
                  -0.577350269190   0.577350269190   0.577350269190
         0,   39  -0.707106781187  -0.707106781187  -0.000000000000
                  -0.577350269190   0.577350269190   0.577350269190
0,   39 3516.076611337361 3052.441358462384 3755.706419178630    2    0
         0,   38   0.707106781187   0.707106781187   0.000000000000
                  -0.577350269190   0.577350269190   0.577350269190
         0,   40  -0.707106781187  -0.707106781187  -0.000000000000
                  -0.577350269190   0.577350269190   0.577350269190
0,   40 3648.671472273493 3292.035428601299 3648.707209975848    2    0
         0,   39   0.707106781187   0.707106781187   0.000000000000
                  -0.577350269190   0.577350269190   0.577350269190
         0,   41  -0.707106781187  -0.707106781187  -0.000000000000
                  -0.577350269190   0.577350269190   0.577350269190
0,   41 3700.025973022099 3520.788550562697 3471.308588763055    2    0
         0,   40   0.707106781187   0.707106781187   0.000000000000
                  -0.577350269190   0.577350269190   0.577350269190
         0,   42  -0.707106781187  -0.707106781187  -0.000000000000
                  -0.577350269190   0.577350269190   0.577350269190
0,   42 3663.204403691965 3707.806347660885 3247.469222334735    2    0
         0,   41   0.707106781187   0.707106781187   0.000000000000
                  -0.577350269190   0.577350269190   0.577350269190
         0,   43  -0.707106781187  -0.707106781187  -0.000000000000
                  -0.577350269190   0.577350269190   0.577350269190
0,   43 3543.179721256487 3827.831030096363 3007.419857463778    2    0
         0,   42   0.707106781187   0.707106781187   0.000000000000
                  -0.577350269190   0.577350269190   0.577350269190
         0,   44  -0.707106781187  -0.707106781187  -0.000000000000
                  -0.577350269190   0.577350269190   0.577350269190
0,   44 3356.161924158299 3864.652599426497 2783.580491035457    2    0
         0,   43   0.707106781187   0.707106781187   0.000000000000
                  -0.577350269190   0.577350269190   0.577350269190
         0,   45  -0.707106781187  -0.707106781187  -0.000000000000
                  -0.577350269190   0.577350269190   0.577350269190
0,   45 3127.408802196902 3813.298098677892 2606.181869822665    2    0
         0,   44   0.707106781187   0.707106781187   0.000000000000
                  -0.577350269190   0.577350269190   0.577350269190
         0,   46  -0.707106781187  -0.707106781187  -0.000000000000
                  -0.577350269190   0.577350269190   0.577350269190
0,   46 2887.814732057986 3680.703237741759 2499.182660619882    2    0
         0,   45   0.707106781187   0.707106781187   0.000000000000
                  -0.577350269190   0.577350269190   0.577350269190
         0,   47  -0.707106781187  -0.707106781187  -0.000000000000
                  -0.577350269190   0.577350269190   0.577350269190
0,   47 2669.738220550389 3484.775687321011 2477.033699533031    2    0
         0,   46   0.707106781187   0.707106781187   0.000000000000
                  -0.577350269190   0.577350269190   0.577350269190
         0,   48  -0.707106781187  -0.707106781187  -0.000000000000
                  -0.577350269190   0.577350269190   0.577350269190
0,   48 2502.631708956876 3251.976548772008 2542.726326488521    2    0
         0,   47   0.707106781187   0.707106781187   0.000000000000
                  -0.577350269190   0.577350269190   0.577350269190
         0,   49  -0.707106781187  -0.707106781187  -0.000000000000
                  -0.577350269190   0.577350269190   0.577350269190
0,   49 2409.063857637297 3013.746635740349 2687.388388200602    2    0
         0,   48   0.707106781187   0.707106781187   0.000000000000
                  -0.577350269190   0.577350269190   0.577350269190
         0,   50  -0.707106781187  -0.707106781187  -0.000000000000
                  -0.577350269190   0.577350269190   0.577350269190
0,   50 2401.671523389724 2802.260218058478 2891.482471634900    2    0
         0,   49   0.707106781187   0.707106781187   0.000000000000
                  -0.577350269190   0.577350269190   0.577350269190
         0,   34  -0.707106781187  -0.707106781187  -0.000000000000
                  -0.577350269190   0.577350269190   0.577350269190
