dataFileVersion = 4
numFileSegments = 1
minCoordinates = [
 0.000000
 0.000000
 0.000000
 ]
maxCoordinates = [
 6400.000000
 6400.000000
 6400.000000
 ]
nodeCount = 51
dataDecompType = 2
dataDecompGeometry = [
 1
 1
 1
 ]

#
#  END OF DATA FILE PARAMETERS
#

domainDecomposition = 
# Dom_ID  Minimum XYZ bounds   Maximum XYZ bounds
  0  0.000000  0.000000  0.000000  6400.000000  6400.000000  6400.000000
nodalData =
# Primary lines: node_tag, x, y, z, num_arms, constraint
# Secondary lines: arm_tag, burgx, burgy, burgz, nx, ny, nz
0,    0 3811.263533554995 2629.829419927113 4539.750849300523    2    0
         0,    1   0.707106781187  -0.707106781187   0.000000000000
                   0.577350269190   0.577350269190   0.577350269190
         0,   16  -0.707106781187   0.707106781187  -0.000000000000
                   0.577350269190   0.577350269190   0.577350269190
0,    1 3891.045092081901 2786.009929664562 4303.788781036167    2    0
         0,    0  -0.707106781187   0.707106781187  -0.000000000000
                   0.577350269190   0.577350269190   0.577350269190
         0,    2   0.707106781187  -0.707106781187   0.000000000000
                   0.577350269190   0.577350269190   0.577350269190
0,    2 3883.652757834329 2997.496347346433 4099.694697601869    2    0
         0,    1  -0.707106781187   0.707106781187  -0.000000000000
                   0.577350269190   0.577350269190   0.577350269190
         0,    3   0.707106781187  -0.707106781187   0.000000000000
                   0.577350269190   0.577350269190   0.577350269190
0,    3 3790.084906514750 3235.726260378092 3955.032635889789    2    0
         0,    2  -0.707106781187   0.707106781187  -0.000000000000
                   0.577350269190   0.577350269190   0.577350269190
         0,    4   0.707106781187  -0.707106781187   0.000000000000
                   0.577350269190   0.577350269190   0.577350269190
0,    4 3622.978394921236 3468.525398927096 3889.340008934299    2    0
         0,    3  -0.707106781187   0.707106781187  -0.000000000000
                   0.577350269190   0.577350269190   0.577350269190
         0,    5   0.707106781187  -0.707106781187   0.000000000000
                   0.577350269190   0.577350269190   0.577350269190
0,    5 3404.901883413639 3664.452949347843 3911.488970021149    2    0
         0,    4  -0.707106781187   0.707106781187  -0.000000000000
                   0.577350269190   0.577350269190   0.577350269190
         0,    6   0.707106781187  -0.707106781187   0.000000000000
                   0.577350269190   0.577350269190   0.577350269190
0,    6 3165.307813274724 3797.047810283976 4018.488179223932    2    0
         0,    5  -0.707106781187   0.707106781187  -0.000000000000
                   0.577350269190   0.577350269190   0.577350269190
         0,    7   0.707106781187  -0.707106781187   0.000000000000
                   0.577350269190   0.577350269190   0.577350269190
0,    7 2936.554691313326 3848.402311032581 4195.886800436724    2    0
         0,    6  -0.707106781187   0.707106781187  -0.000000000000
                   0.577350269190   0.577350269190   0.577350269190
         0,    8   0.707106781187  -0.707106781187   0.000000000000
                   0.577350269190   0.577350269190   0.577350269190
0,    8 2749.536894215138 3811.580741702448 4419.726166865045    2    0
         0,    7  -0.707106781187   0.707106781187  -0.000000000000
                   0.577350269190   0.577350269190   0.577350269190
         0,    9   0.707106781187  -0.707106781187   0.000000000000
                   0.577350269190   0.577350269190   0.577350269190
0,    9 2629.512211779660 3691.556059266969 4659.775531736002    2    0
         0,    8  -0.707106781187   0.707106781187  -0.000000000000
                   0.577350269190   0.577350269190   0.577350269190
         0,   10   0.707106781187  -0.707106781187   0.000000000000
                   0.577350269190   0.577350269190   0.577350269190
0,   10 2592.690642449526 3504.538262168782 4883.614898164323    2    0
         0,    9  -0.707106781187   0.707106781187  -0.000000000000
                   0.577350269190   0.577350269190   0.577350269190
         0,   11   0.707106781187  -0.707106781187   0.000000000000
                   0.577350269190   0.577350269190   0.577350269190
0,   11 2644.045143198131 3275.785140207385 5061.013519377115    2    0
         0,   10  -0.707106781187   0.707106781187  -0.000000000000
                   0.577350269190   0.577350269190   0.577350269190
         0,   12   0.707106781187  -0.707106781187   0.000000000000
                   0.577350269190   0.577350269190   0.577350269190
0,   12 2776.640004134264 3036.191070068469 5168.012728579898    2    0
         0,   11  -0.707106781187   0.707106781187  -0.000000000000
                   0.577350269190   0.577350269190   0.577350269190
         0,   13   0.707106781187  -0.707106781187   0.000000000000
                   0.577350269190   0.577350269190   0.577350269190
0,   13 2972.567554555012 2818.114558560871 5190.161689666748    2    0
         0,   12  -0.707106781187   0.707106781187  -0.000000000000
                   0.577350269190   0.577350269190   0.577350269190
         0,   14   0.707106781187  -0.707106781187   0.000000000000
                   0.577350269190   0.577350269190   0.577350269190
0,   14 3205.366693104015 2651.008046967358 5124.469062711259    2    0
         0,   13  -0.707106781187   0.707106781187  -0.000000000000
                   0.577350269190   0.577350269190   0.577350269190
         0,   15   0.707106781187  -0.707106781187   0.000000000000
                   0.577350269190   0.577350269190   0.577350269190
0,   15 3443.596606135674 2557.440195647779 4979.807000999178    2    0
         0,   14  -0.707106781187   0.707106781187  -0.000000000000
                   0.577350269190   0.577350269190   0.577350269190
         0,   16   0.707106781187  -0.707106781187   0.000000000000
                   0.577350269190   0.577350269190   0.577350269190
0,   16 3655.083023817545 2550.047861400206 4775.712917564880    2    0
         0,   15  -0.707106781187   0.707106781187  -0.000000000000
                   0.577350269190   0.577350269190   0.577350269190
         0,    0   0.707106781187  -0.707106781187   0.000000000000
                   0.577350269190   0.577350269190   0.577350269190
0,   17 3617.899441031309 3325.323901975962 2626.600002238312    2    0
         0,   18   0.707106781187   0.000000000000  -0.707106781187
                   0.577350269190   0.577350269190   0.577350269190
         0,   33  -0.707106781187  -0.000000000000   0.707106781187
                   0.577350269190   0.577350269190   0.577350269190
0,   18 3461.718931293860 3561.285970240318 2546.818443711406    2    0
         0,   17  -0.707106781187  -0.000000000000   0.707106781187
                   0.577350269190   0.577350269190   0.577350269190
         0,   19   0.707106781187   0.000000000000  -0.707106781187
                   0.577350269190   0.577350269190   0.577350269190
0,   19 3250.232513611989 3765.380053674616 2554.210777958978    2    0
         0,   18  -0.707106781187  -0.000000000000   0.707106781187
                   0.577350269190   0.577350269190   0.577350269190
         0,   20   0.707106781187   0.000000000000  -0.707106781187
                   0.577350269190   0.577350269190   0.577350269190
0,   20 3012.002600580330 3910.042115386696 2647.778629278557    2    0
         0,   19  -0.707106781187  -0.000000000000   0.707106781187
                   0.577350269190   0.577350269190   0.577350269190
         0,   21   0.707106781187   0.000000000000  -0.707106781187
                   0.577350269190   0.577350269190   0.577350269190
0,   21 2779.203462031326 3975.734742342187 2814.885140872071    2    0
         0,   20  -0.707106781187  -0.000000000000   0.707106781187
                   0.577350269190   0.577350269190   0.577350269190
         0,   22   0.707106781187   0.000000000000  -0.707106781187
                   0.577350269190   0.577350269190   0.577350269190
0,   22 2583.275911610579 3953.585781255336 3032.961652379669    2    0
         0,   21  -0.707106781187  -0.000000000000   0.707106781187
                   0.577350269190   0.577350269190   0.577350269190
         0,   23   0.707106781187   0.000000000000  -0.707106781187
                   0.577350269190   0.577350269190   0.577350269190
0,   23 2450.681050674446 3846.586572052553 3272.555722518583    2    0
         0,   22  -0.707106781187  -0.000000000000   0.707106781187
                   0.577350269190   0.577350269190   0.577350269190
         0,   24   0.707106781187   0.000000000000  -0.707106781187
                   0.577350269190   0.577350269190   0.577350269190
0,   24 2399.326549925841 3669.187950839761 3501.308844479981    2    0
         0,   23  -0.707106781187  -0.000000000000   0.707106781187
                   0.577350269190   0.577350269190   0.577350269190
         0,   25   0.707106781187   0.000000000000  -0.707106781187
                   0.577350269190   0.577350269190   0.577350269190
0,   25 2436.148119255975 3445.348584411440 3688.326641578169    2    0
         0,   24  -0.707106781187  -0.000000000000   0.707106781187
                   0.577350269190   0.577350269190   0.577350269190
         0,   26   0.707106781187   0.000000000000  -0.707106781187
                   0.577350269190   0.577350269190   0.577350269190
0,   26 2556.172801691453 3205.299219540484 3808.351324013647    2    0
         0,   25  -0.707106781187  -0.000000000000   0.707106781187
                   0.577350269190   0.577350269190   0.577350269190
         0,   27   0.707106781187   0.000000000000  -0.707106781187
                   0.577350269190   0.577350269190   0.577350269190
0,   27 2743.190598789640 2981.459853112163 3845.172893343781    2    0
         0,   26  -0.707106781187  -0.000000000000   0.707106781187
                   0.577350269190   0.577350269190   0.577350269190
         0,   28   0.707106781187   0.000000000000  -0.707106781187
                   0.577350269190   0.577350269190   0.577350269190
0,   28 2971.943720751037 2804.061231899370 3793.818392595176    2    0
         0,   27  -0.707106781187  -0.000000000000   0.707106781187
                   0.577350269190   0.577350269190   0.577350269190
         0,   29   0.707106781187   0.000000000000  -0.707106781187
                   0.577350269190   0.577350269190   0.577350269190
0,   29 3211.537790889953 2697.062022696588 3661.223531659043    2    0
         0,   28  -0.707106781187  -0.000000000000   0.707106781187
                   0.577350269190   0.577350269190   0.577350269190
         0,   30   0.707106781187   0.000000000000  -0.707106781187
                   0.577350269190   0.577350269190   0.577350269190
0,   30 3429.614302397551 2674.913061609736 3465.295981238296    2    0
         0,   29  -0.707106781187  -0.000000000000   0.707106781187
                   0.577350269190   0.577350269190   0.577350269190
         0,   31   0.707106781187   0.000000000000  -0.707106781187
                   0.577350269190   0.577350269190   0.577350269190
0,   31 3596.720813991064 2740.605688565227 3232.496842689292    2    0
         0,   30  -0.707106781187  -0.000000000000   0.707106781187
                   0.577350269190   0.577350269190   0.577350269190
         0,   32   0.707106781187   0.000000000000  -0.707106781187
                   0.577350269190   0.577350269190   0.577350269190
0,   32 3690.288665310643 2885.267750277307 2994.266929657633    2    0
         0,   31  -0.707106781187  -0.000000000000   0.707106781187
                   0.577350269190   0.577350269190   0.577350269190
         0,   33   0.707106781187   0.000000000000  -0.707106781187
                   0.577350269190   0.577350269190   0.577350269190
0,   33 3697.680999558216 3089.361833711605 2782.780511975762    2    0
         0,   32  -0.707106781187  -0.000000000000   0.707106781187
                   0.577350269190   0.577350269190   0.577350269190
         0,   17   0.707106781187   0.000000000000  -0.707106781187
                   0.577350269190   0.577350269190   0.577350269190
0,   34 3254.430276261932 3754.760118231092 2455.357539583249    2    0
         0,   35   0.000000000000   0.707106781187   0.707106781187
                   0.577350269190   0.577350269190  -0.577350269190
         0,   50  -0.000000000000  -0.707106781187  -0.707106781187
                   0.577350269190   0.577350269190  -0.577350269190
0,   35 3490.392344526288 3598.579608493642 2535.139098110156    2    0
         0,   34  -0.000000000000  -0.707106781187  -0.707106781187
                   0.577350269190   0.577350269190  -0.577350269190
         0,   36   0.000000000000   0.707106781187   0.707106781187
                   0.577350269190   0.577350269190  -0.577350269190
0,   36 3694.486427960586 3387.093190811771 2527.746763862584    2    0
         0,   35  -0.000000000000  -0.707106781187  -0.707106781187
                   0.577350269190   0.577350269190  -0.577350269190
         0,   37   0.000000000000   0.707106781187   0.707106781187
                   0.577350269190   0.577350269190  -0.577350269190
0,   37 3839.148489672667 3148.863277780112 2434.178912543005    2    0
         0,   36  -0.000000000000  -0.707106781187  -0.707106781187
                   0.577350269190   0.577350269190  -0.577350269190
         0,   38   0.000000000000   0.707106781187   0.707106781187
                   0.577350269190   0.577350269190  -0.577350269190
0,   38 3904.841116628157 2916.064139231108 2267.072400949491    2    0
         0,   37  -0.000000000000  -0.707106781187  -0.707106781187
                   0.577350269190   0.577350269190  -0.577350269190
         0,   39   0.000000000000   0.707106781187   0.707106781187
                   0.577350269190   0.577350269190  -0.577350269190
0,   39 3882.692155541306 2720.136588810361 2048.995889441893    2    0
         0,   38  -0.000000000000  -0.707106781187  -0.707106781187
                   0.577350269190   0.577350269190  -0.577350269190
         0,   40   0.000000000000   0.707106781187   0.707106781187
                   0.577350269190   0.577350269190  -0.577350269190
0,   40 3775.692946338524 2587.541727874229 1809.401819302978    2    0
         0,   39  -0.000000000000  -0.707106781187  -0.707106781187
                   0.577350269190   0.577350269190  -0.577350269190
         0,   41   0.000000000000   0.707106781187   0.707106781187
                   0.577350269190   0.577350269190  -0.577350269190
0,   41 3598.294325125731 2536.187227125623 1580.648697341581    2    0
         0,   40  -0.000000000000  -0.707106781187  -0.707106781187
                   0.577350269190   0.577350269190  -0.577350269190
         0,   42   0.000000000000   0.707106781187   0.707106781187
                   0.577350269190   0.577350269190  -0.577350269190
0,   42 3374.454958697410 2573.008796455757 1393.630900243393    2    0
         0,   41  -0.000000000000  -0.707106781187  -0.707106781187
                   0.577350269190   0.577350269190  -0.577350269190
         0,   43   0.000000000000   0.707106781187   0.707106781187
                   0.577350269190   0.577350269190  -0.577350269190
0,   43 3134.405593826454 2693.033478891235 1273.606217807915    2    0
         0,   42  -0.000000000000  -0.707106781187  -0.707106781187
                   0.577350269190   0.577350269190  -0.577350269190
         0,   44   0.000000000000   0.707106781187   0.707106781187
                   0.577350269190   0.577350269190  -0.577350269190
0,   44 2910.566227398132 2880.051275989423 1236.784648477781    2    0
         0,   43  -0.000000000000  -0.707106781187  -0.707106781187
                   0.577350269190   0.577350269190  -0.577350269190
         0,   45   0.000000000000   0.707106781187   0.707106781187
                   0.577350269190   0.577350269190  -0.577350269190
0,   45 2733.167606185340 3108.804397950820 1288.139149226386    2    0
         0,   44  -0.000000000000  -0.707106781187  -0.707106781187
                   0.577350269190   0.577350269190  -0.577350269190
         0,   46   0.000000000000   0.707106781187   0.707106781187
                   0.577350269190   0.577350269190  -0.577350269190
0,   46 2626.168396982558 3348.398468089736 1420.734010162519    2    0
         0,   45  -0.000000000000  -0.707106781187  -0.707106781187
                   0.577350269190   0.577350269190  -0.577350269190
         0,   47   0.000000000000   0.707106781187   0.707106781187
                   0.577350269190   0.577350269190  -0.577350269190
0,   47 2604.019435895707 3566.474979597333 1616.661560583266    2    0
         0,   46  -0.000000000000  -0.707106781187  -0.707106781187
                   0.577350269190   0.577350269190  -0.577350269190
         0,   48   0.000000000000   0.707106781187   0.707106781187
                   0.577350269190   0.577350269190  -0.577350269190
0,   48 2669.712062851197 3733.581491190846 1849.460699132270    2    0
         0,   47  -0.000000000000  -0.707106781187  -0.707106781187
                   0.577350269190   0.577350269190  -0.577350269190
         0,   49   0.000000000000   0.707106781187   0.707106781187
                   0.577350269190   0.577350269190  -0.577350269190
0,   49 2814.374124563277 3827.149342510425 2087.690612163929    2    0
         0,   48  -0.000000000000  -0.707106781187  -0.707106781187
                   0.577350269190   0.577350269190  -0.577350269190
         0,   50   0.000000000000   0.707106781187   0.707106781187
                   0.577350269190   0.577350269190  -0.577350269190
0,   50 3018.468207997576 3834.541676757998 2299.177029845800    2    0
         0,   49  -0.000000000000  -0.707106781187  -0.707106781187
                   0.577350269190   0.577350269190  -0.577350269190
         0,   34   0.000000000000   0.707106781187   0.707106781187
                   0.577350269190   0.577350269190  -0.577350269190
