dataFileVersion = 4
numFileSegments = 1
minCoordinates = [
 0.000000
 0.000000
 0.000000
 ]
maxCoordinates = [
 12800.000000
 12800.000000
 12800.000000
 ]
nodeCount = 162
dataDecompType = 2
dataDecompGeometry = [
 1
 1
 1
 ]

#
#  END OF DATA FILE PARAMETERS
#

domainDecomposition = 
# Dom_ID  Minimum XYZ bounds   Maximum XYZ bounds
  0  0.000000  0.000000  0.000000  12800.000000  12800.000000  12800.000000
nodalData =
# Primary lines: node_tag, x, y, z, num_arms, constraint
# Secondary lines: arm_tag, burgx, burgy, burgz, nx, ny, nz
0,    0 6218.742678360300 6057.148854851847 1209.837832914066    2    0
         0,    1   0.707106781187   0.000000000000  -0.707106781187
                   0.577350269190   0.577350269190   0.577350269190
         0,   33  -0.707106781187  -0.000000000000   0.707106781187
                   0.577350269190   0.577350269190   0.577350269190
0,    1 6079.454257243061 6297.198219722804 1109.076889160348    2    0
         0,    0  -0.707106781187  -0.000000000000   0.707106781187
                   0.577350269190   0.577350269190   0.577350269190
         0,    2   0.707106781187   0.000000000000  -0.707106781187
                   0.577350269190   0.577350269190   0.577350269190
0,    2 5906.381658885401 6529.072991380560 1050.274715860252    2    0
         0,    1  -0.707106781187  -0.000000000000   0.707106781187
                   0.577350269190   0.577350269190   0.577350269190
         0,    3   0.707106781187   0.000000000000  -0.707106781187
                   0.577350269190   0.577350269190   0.577350269190
0,    3 5705.418663046687 6744.876952579445 1035.433750500081    2    0
         0,    2  -0.707106781187  -0.000000000000   0.707106781187
                   0.577350269190   0.577350269190   0.577350269190
         0,    4   0.707106781187   0.000000000000  -0.707106781187
                   0.577350269190   0.577350269190   0.577350269190
0,    4 5483.408823521659 6937.261158249155 1065.059384355398    2    0
         0,    3  -0.707106781187  -0.000000000000   0.707106781187
                   0.577350269190   0.577350269190   0.577350269190
         0,    5   0.707106781187   0.000000000000  -0.707106781187
                   0.577350269190   0.577350269190   0.577350269190
0,    5 5247.912419123890 7099.674195005031 1138.142751997291    2    0
         0,    4  -0.707106781187  -0.000000000000   0.707106781187
                   0.577350269190   0.577350269190   0.577350269190
         0,    6   0.707106781187   0.000000000000  -0.707106781187
                   0.577350269190   0.577350269190   0.577350269190
0,    6 5006.948997458340 7226.585281673317 1252.195086994555    2    0
         0,    5  -0.707106781187  -0.000000000000   0.707106781187
                   0.577350269190   0.577350269190   0.577350269190
         0,    7   0.707106781187   0.000000000000  -0.707106781187
                   0.577350269190   0.577350269190   0.577350269190
0,    7 4768.724278846060 7313.672613410596 1403.332473869556    2    0
         0,    6  -0.707106781187  -0.000000000000   0.707106781187
                   0.577350269190   0.577350269190   0.577350269190
         0,    8   0.707106781187   0.000000000000  -0.707106781187
                   0.577350269190   0.577350269190   0.577350269190
0,    8 4541.350720360332 7357.970535584298 1586.408110181582    2    0
         0,    7  -0.707106781187  -0.000000000000   0.707106781187
                   0.577350269190   0.577350269190   0.577350269190
         0,    9   0.707106781187   0.000000000000  -0.707106781187
                   0.577350269190   0.577350269190   0.577350269190
0,    9 4332.571255830864 7357.970535584298 1795.187574711050    2    0
         0,    8  -0.707106781187  -0.000000000000   0.707106781187
                   0.577350269190   0.577350269190   0.577350269190
         0,   10   0.707106781187   0.000000000000  -0.707106781187
                   0.577350269190   0.577350269190   0.577350269190
0,   10 4149.495619518839 7313.672613410596 2022.561133196778    2    0
         0,    9  -0.707106781187  -0.000000000000   0.707106781187
                   0.577350269190   0.577350269190   0.577350269190
         0,   11   0.707106781187   0.000000000000  -0.707106781187
                   0.577350269190   0.577350269190   0.577350269190
0,   11 3998.358232643838 7226.585281673317 2260.785851809057    2    0
         0,   10  -0.707106781187  -0.000000000000   0.707106781187
                   0.577350269190   0.577350269190   0.577350269190
         0,   12   0.707106781187   0.000000000000  -0.707106781187
                   0.577350269190   0.577350269190   0.577350269190
0,   12 3884.305897646574 7099.674195005031 2501.749273474608    2    0
         0,   11  -0.707106781187  -0.000000000000   0.707106781187
                   0.577350269190   0.577350269190   0.577350269190
         0,   13   0.707106781187   0.000000000000  -0.707106781187
                   0.577350269190   0.577350269190   0.577350269190
0,   13 3811.222530004679 6937.261158249155 2737.245677872377    2    0
         0,   12  -0.707106781187  -0.000000000000   0.707106781187
                   0.577350269190   0.577350269190   0.577350269190
         0,   14   0.707106781187   0.000000000000  -0.707106781187
                   0.577350269190   0.577350269190   0.577350269190
0,   14 3781.596896149363 6744.876952579446 2959.255517397404    2    0
         0,   13  -0.707106781187  -0.000000000000   0.707106781187
                   0.577350269190   0.577350269190   0.577350269190
         0,   15   0.707106781187   0.000000000000  -0.707106781187
                   0.577350269190   0.577350269190   0.577350269190
0,   15 3796.437861509534 6529.072991380561 3160.218513236118    2    0
         0,   14  -0.707106781187  -0.000000000000   0.707106781187
                   0.577350269190   0.577350269190   0.577350269190
         0,   16   0.707106781187   0.000000000000  -0.707106781187
                   0.577350269190   0.577350269190   0.577350269190
0,   16 3855.240034809630 6297.198219722804 3333.291111593779    2    0
         0,   15  -0.707106781187  -0.000000000000   0.707106781187
                   0.577350269190   0.577350269190   0.577350269190
         0,   17   0.707106781187   0.000000000000  -0.707106781187
                   0.577350269190   0.577350269190   0.577350269190
0,   17 3956.000978563347 6057.148854851847 3472.579532711018    2    0
         0,   16  -0.707106781187  -0.000000000000   0.707106781187
                   0.577350269190   0.577350269190   0.577350269190
         0,   18   0.707106781187   0.000000000000  -0.707106781187
                   0.577350269190   0.577350269190   0.577350269190
0,   18 4095.289399680586 5817.099489980891 3573.340476464735    2    0
         0,   17  -0.707106781187  -0.000000000000   0.707106781187
                   0.577350269190   0.577350269190   0.577350269190
         0,   19   0.707106781187   0.000000000000  -0.707106781187
                   0.577350269190   0.577350269190   0.577350269190
0,   19 4268.361998038246 5585.224718323135 3632.142649764831    2    0
         0,   18  -0.707106781187  -0.000000000000   0.707106781187
                   0.577350269190   0.577350269190   0.577350269190
         0,   20   0.707106781187   0.000000000000  -0.707106781187
                   0.577350269190   0.577350269190   0.577350269190
0,   20 4469.324993876961 5369.420757124250 3646.983615125002    2    0
         0,   19  -0.707106781187  -0.000000000000   0.707106781187
                   0.577350269190   0.577350269190   0.577350269190
         0,   21   0.707106781187   0.000000000000  -0.707106781187
                   0.577350269190   0.577350269190   0.577350269190
0,   21 4691.334833401988 5177.036551454539 3617.357981269685    2    0
         0,   20  -0.707106781187  -0.000000000000   0.707106781187
                   0.577350269190   0.577350269190   0.577350269190
         0,   22   0.707106781187   0.000000000000  -0.707106781187
                   0.577350269190   0.577350269190   0.577350269190
0,   22 4926.831237799755 5014.623514698665 3544.274613627792    2    0
         0,   21  -0.707106781187  -0.000000000000   0.707106781187
                   0.577350269190   0.577350269190   0.577350269190
         0,   23   0.707106781187   0.000000000000  -0.707106781187
                   0.577350269190   0.577350269190   0.577350269190
0,   23 5167.794659465306 4887.712428030378 3430.222278630528    2    0
         0,   22  -0.707106781187  -0.000000000000   0.707106781187
                   0.577350269190   0.577350269190   0.577350269190
         0,   24   0.707106781187   0.000000000000  -0.707106781187
                   0.577350269190   0.577350269190   0.577350269190
0,   24 5406.019378077587 4800.625096293099 3279.084891755527    2    0
         0,   23  -0.707106781187  -0.000000000000   0.707106781187
                   0.577350269190   0.577350269190   0.577350269190
         0,   25   0.707106781187   0.000000000000  -0.707106781187
                   0.577350269190   0.577350269190   0.577350269190
0,   25 5633.392936563315 4756.327174119397 3096.009255443501    2    0
         0,   24  -0.707106781187  -0.000000000000   0.707106781187
                   0.577350269190   0.577350269190   0.577350269190
         0,   26   0.707106781187   0.000000000000  -0.707106781187
                   0.577350269190   0.577350269190   0.577350269190
0,   26 5842.172401092783 4756.327174119397 2887.229790914032    2    0
         0,   25  -0.707106781187  -0.000000000000   0.707106781187
                   0.577350269190   0.577350269190   0.577350269190
         0,   27   0.707106781187   0.000000000000  -0.707106781187
                   0.577350269190   0.577350269190   0.577350269190
0,   27 6025.248037404808 4800.625096293099 2659.856232428305    2    0
         0,   26  -0.707106781187  -0.000000000000   0.707106781187
                   0.577350269190   0.577350269190   0.577350269190
         0,   28   0.707106781187   0.000000000000  -0.707106781187
                   0.577350269190   0.577350269190   0.577350269190
0,   28 6176.385424279809 4887.712428030378 2421.631513816026    2    0
         0,   27  -0.707106781187  -0.000000000000   0.707106781187
                   0.577350269190   0.577350269190   0.577350269190
         0,   29   0.707106781187   0.000000000000  -0.707106781187
                   0.577350269190   0.577350269190   0.577350269190
0,   29 6290.437759277073 5014.623514698664 2180.668092150475    2    0
         0,   28  -0.707106781187  -0.000000000000   0.707106781187
                   0.577350269190   0.577350269190   0.577350269190
         0,   30   0.707106781187   0.000000000000  -0.707106781187
                   0.577350269190   0.577350269190   0.577350269190
0,   30 6363.521126918968 5177.036551454538 1945.171687752707    2    0
         0,   29  -0.707106781187  -0.000000000000   0.707106781187
                   0.577350269190   0.577350269190   0.577350269190
         0,   31   0.707106781187   0.000000000000  -0.707106781187
                   0.577350269190   0.577350269190   0.577350269190
0,   31 6393.146760774284 5369.420757124249 1723.161848227680    2    0
         0,   30  -0.707106781187  -0.000000000000   0.707106781187
                   0.577350269190   0.577350269190   0.577350269190
         0,   32   0.707106781187   0.000000000000  -0.707106781187
                   0.577350269190   0.577350269190   0.577350269190
0,   32 6378.305795414113 5585.224718323135 1522.198852388965    2    0
         0,   31  -0.707106781187  -0.000000000000   0.707106781187
                   0.577350269190   0.577350269190   0.577350269190
         0,   33   0.707106781187   0.000000000000  -0.707106781187
                   0.577350269190   0.577350269190   0.577350269190
0,   33 6319.503622114017 5817.099489980891 1349.126254031304    2    0
         0,   32  -0.707106781187  -0.000000000000   0.707106781187
                   0.577350269190   0.577350269190   0.577350269190
         0,    0   0.707106781187   0.000000000000  -0.707106781187
                   0.577350269190   0.577350269190   0.577350269190
0,   34 7594.224502563083 6151.356213738643 7205.246841340016    2    0
         0,   35   0.000000000000   0.707106781187   0.707106781187
                   0.577350269190   0.577350269190  -0.577350269190
         0,   67  -0.000000000000  -0.707106781187  -0.707106781187
                   0.577350269190   0.577350269190  -0.577350269190
0,   35 7834.273867434040 6012.067792621404 7306.007785093733    2    0
         0,   34  -0.000000000000  -0.707106781187  -0.707106781187
                   0.577350269190   0.577350269190  -0.577350269190
         0,   36   0.000000000000   0.707106781187   0.707106781187
                   0.577350269190   0.577350269190  -0.577350269190
0,   36 8066.148639091795 5838.995194263744 7364.809958393829    2    0
         0,   35  -0.000000000000  -0.707106781187  -0.707106781187
                   0.577350269190   0.577350269190  -0.577350269190
         0,   37   0.000000000000   0.707106781187   0.707106781187
                   0.577350269190   0.577350269190  -0.577350269190
0,   37 8281.952600290680 5638.032198425029 7379.650923754000    2    0
         0,   36  -0.000000000000  -0.707106781187  -0.707106781187
                   0.577350269190   0.577350269190  -0.577350269190
         0,   38   0.000000000000   0.707106781187   0.707106781187
                   0.577350269190   0.577350269190  -0.577350269190
0,   38 8474.336805960391 5416.022358900002 7350.025289898684    2    0
         0,   37  -0.000000000000  -0.707106781187  -0.707106781187
                   0.577350269190   0.577350269190  -0.577350269190
         0,   39   0.000000000000   0.707106781187   0.707106781187
                   0.577350269190   0.577350269190  -0.577350269190
0,   39 8636.749842716266 5180.525954502233 7276.941922256789    2    0
         0,   38  -0.000000000000  -0.707106781187  -0.707106781187
                   0.577350269190   0.577350269190  -0.577350269190
         0,   40   0.000000000000   0.707106781187   0.707106781187
                   0.577350269190   0.577350269190  -0.577350269190
0,   40 8763.660929384552 4939.562532836683 7162.889587259526    2    0
         0,   39  -0.000000000000  -0.707106781187  -0.707106781187
                   0.577350269190   0.577350269190  -0.577350269190
         0,   41   0.000000000000   0.707106781187   0.707106781187
                   0.577350269190   0.577350269190  -0.577350269190
0,   41 8850.748261121831 4701.337814224403 7011.752200384524    2    0
         0,   40  -0.000000000000  -0.707106781187  -0.707106781187
                   0.577350269190   0.577350269190  -0.577350269190
         0,   42   0.000000000000   0.707106781187   0.707106781187
                   0.577350269190   0.577350269190  -0.577350269190
0,   42 8895.046183295533 4473.964255738675 6828.676564072499    2    0
         0,   41  -0.000000000000  -0.707106781187  -0.707106781187
                   0.577350269190   0.577350269190  -0.577350269190
         0,   43   0.000000000000   0.707106781187   0.707106781187
                   0.577350269190   0.577350269190  -0.577350269190
0,   43 8895.046183295533 4265.184791209207 6619.897099543031    2    0
         0,   42  -0.000000000000  -0.707106781187  -0.707106781187
                   0.577350269190   0.577350269190  -0.577350269190
         0,   44   0.000000000000   0.707106781187   0.707106781187
                   0.577350269190   0.577350269190  -0.577350269190
0,   44 8850.748261121831 4082.109154897182 6392.523541057303    2    0
         0,   43  -0.000000000000  -0.707106781187  -0.707106781187
                   0.577350269190   0.577350269190  -0.577350269190
         0,   45   0.000000000000   0.707106781187   0.707106781187
                   0.577350269190   0.577350269190  -0.577350269190
0,   45 8763.660929384552 3930.971768022181 6154.298822445024    2    0
         0,   44  -0.000000000000  -0.707106781187  -0.707106781187
                   0.577350269190   0.577350269190  -0.577350269190
         0,   46   0.000000000000   0.707106781187   0.707106781187
                   0.577350269190   0.577350269190  -0.577350269190
0,   46 8636.749842716266 3816.919433024917 5913.335400779473    2    0
         0,   45  -0.000000000000  -0.707106781187  -0.707106781187
                   0.577350269190   0.577350269190  -0.577350269190
         0,   47   0.000000000000   0.707106781187   0.707106781187
                   0.577350269190   0.577350269190  -0.577350269190
0,   47 8474.336805960391 3743.836065383022 5677.838996381704    2    0
         0,   46  -0.000000000000  -0.707106781187  -0.707106781187
                   0.577350269190   0.577350269190  -0.577350269190
         0,   48   0.000000000000   0.707106781187   0.707106781187
                   0.577350269190   0.577350269190  -0.577350269190
0,   48 8281.952600290680 3714.210431527706 5455.829156856677    2    0
         0,   47  -0.000000000000  -0.707106781187  -0.707106781187
                   0.577350269190   0.577350269190  -0.577350269190
         0,   49   0.000000000000   0.707106781187   0.707106781187
                   0.577350269190   0.577350269190  -0.577350269190
0,   49 8066.148639091796 3729.051396887877 5254.866161017963    2    0
         0,   48  -0.000000000000  -0.707106781187  -0.707106781187
                   0.577350269190   0.577350269190  -0.577350269190
         0,   50   0.000000000000   0.707106781187   0.707106781187
                   0.577350269190   0.577350269190  -0.577350269190
0,   50 7834.273867434040 3787.853570187973 5081.793562660302    2    0
         0,   49  -0.000000000000  -0.707106781187  -0.707106781187
                   0.577350269190   0.577350269190  -0.577350269190
         0,   51   0.000000000000   0.707106781187   0.707106781187
                   0.577350269190   0.577350269190  -0.577350269190
0,   51 7594.224502563083 3888.614513941690 4942.505141543063    2    0
         0,   50  -0.000000000000  -0.707106781187  -0.707106781187
                   0.577350269190   0.577350269190  -0.577350269190
         0,   52   0.000000000000   0.707106781187   0.707106781187
                   0.577350269190   0.577350269190  -0.577350269190
0,   52 7354.175137692127 4027.902935058929 4841.744197789346    2    0
         0,   51  -0.000000000000  -0.707106781187  -0.707106781187
                   0.577350269190   0.577350269190  -0.577350269190
         0,   53   0.000000000000   0.707106781187   0.707106781187
                   0.577350269190   0.577350269190  -0.577350269190
0,   53 7122.300366034370 4200.975533416589 4782.942024489251    2    0
         0,   52  -0.000000000000  -0.707106781187  -0.707106781187
                   0.577350269190   0.577350269190  -0.577350269190
         0,   54   0.000000000000   0.707106781187   0.707106781187
                   0.577350269190   0.577350269190  -0.577350269190
0,   54 6906.496404835485 4401.938529255304 4768.101059129079    2    0
         0,   53  -0.000000000000  -0.707106781187  -0.707106781187
                   0.577350269190   0.577350269190  -0.577350269190
         0,   55   0.000000000000   0.707106781187   0.707106781187
                   0.577350269190   0.577350269190  -0.577350269190
0,   55 6714.112199165775 4623.948368780331 4797.726692984395    2    0
         0,   54  -0.000000000000  -0.707106781187  -0.707106781187
                   0.577350269190   0.577350269190  -0.577350269190
         0,   56   0.000000000000   0.707106781187   0.707106781187
                   0.577350269190   0.577350269190  -0.577350269190
0,   56 6551.699162409900 4859.444773178098 4870.810060626289    2    0
         0,   55  -0.000000000000  -0.707106781187  -0.707106781187
                   0.577350269190   0.577350269190  -0.577350269190
         0,   57   0.000000000000   0.707106781187   0.707106781187
                   0.577350269190   0.577350269190  -0.577350269190
0,   57 6424.788075741613 5100.408194843649 4984.862395623553    2    0
         0,   56  -0.000000000000  -0.707106781187  -0.707106781187
                   0.577350269190   0.577350269190  -0.577350269190
         0,   58   0.000000000000   0.707106781187   0.707106781187
                   0.577350269190   0.577350269190  -0.577350269190
0,   58 6337.700744004334 5338.632913455930 5135.999782498555    2    0
         0,   57  -0.000000000000  -0.707106781187  -0.707106781187
                   0.577350269190   0.577350269190  -0.577350269190
         0,   59   0.000000000000   0.707106781187   0.707106781187
                   0.577350269190   0.577350269190  -0.577350269190
0,   59 6293.402821830632 5566.006471941658 5319.075418810580    2    0
         0,   58  -0.000000000000  -0.707106781187  -0.707106781187
                   0.577350269190   0.577350269190  -0.577350269190
         0,   60   0.000000000000   0.707106781187   0.707106781187
                   0.577350269190   0.577350269190  -0.577350269190
0,   60 6293.402821830632 5774.785936471126 5527.854883340049    2    0
         0,   59  -0.000000000000  -0.707106781187  -0.707106781187
                   0.577350269190   0.577350269190  -0.577350269190
         0,   61   0.000000000000   0.707106781187   0.707106781187
                   0.577350269190   0.577350269190  -0.577350269190
0,   61 6337.700744004334 5957.861572783151 5755.228441825776    2    0
         0,   60  -0.000000000000  -0.707106781187  -0.707106781187
                   0.577350269190   0.577350269190  -0.577350269190
         0,   62   0.000000000000   0.707106781187   0.707106781187
                   0.577350269190   0.577350269190  -0.577350269190
0,   62 6424.788075741613 6108.998959658152 5993.453160438055    2    0
         0,   61  -0.000000000000  -0.707106781187  -0.707106781187
                   0.577350269190   0.577350269190  -0.577350269190
         0,   63   0.000000000000   0.707106781187   0.707106781187
                   0.577350269190   0.577350269190  -0.577350269190
0,   63 6551.699162409899 6223.051294655416 6234.416582103606    2    0
         0,   62  -0.000000000000  -0.707106781187  -0.707106781187
                   0.577350269190   0.577350269190  -0.577350269190
         0,   64   0.000000000000   0.707106781187   0.707106781187
                   0.577350269190   0.577350269190  -0.577350269190
0,   64 6714.112199165774 6296.134662297311 6469.912986501374    2    0
         0,   63  -0.000000000000  -0.707106781187  -0.707106781187
                   0.577350269190   0.577350269190  -0.577350269190
         0,   65   0.000000000000   0.707106781187   0.707106781187
                   0.577350269190   0.577350269190  -0.577350269190
0,   65 6906.496404835484 6325.760296152627 6691.922826026402    2    0
         0,   64  -0.000000000000  -0.707106781187  -0.707106781187
                   0.577350269190   0.577350269190  -0.577350269190
         0,   66   0.000000000000   0.707106781187   0.707106781187
                   0.577350269190   0.577350269190  -0.577350269190
0,   66 7122.300366034370 6310.919330792456 6892.885821865116    2    0
         0,   65  -0.000000000000  -0.707106781187  -0.707106781187
                   0.577350269190   0.577350269190  -0.577350269190
         0,   67   0.000000000000   0.707106781187   0.707106781187
                   0.577350269190   0.577350269190  -0.577350269190
0,   67 7354.175137692127 6252.117157492360 7065.958420222777    2    0
         0,   66  -0.000000000000  -0.707106781187  -0.707106781187
                   0.577350269190   0.577350269190  -0.577350269190
         0,   34   0.000000000000   0.707106781187   0.707106781187
                   0.577350269190   0.577350269190  -0.577350269190
0,   68 9832.322582694876 4552.394726664395 6204.792092908878    2    0
         0,   69  -0.000000000000  -0.707106781187  -0.707106781187
                   0.577350269190  -0.577350269190   0.577350269190
         0,  101   0.000000000000   0.707106781187   0.707106781187
                   0.577350269190  -0.577350269190   0.577350269190
0,   69 10072.371947565833 4691.683147781633 6104.031149155160    2    0
         0,   68   0.000000000000   0.707106781187   0.707106781187
                   0.577350269190  -0.577350269190   0.577350269190
         0,   70  -0.000000000000  -0.707106781187  -0.707106781187
                   0.577350269190  -0.577350269190   0.577350269190
0,   70 10304.246719223589 4864.755746139293 6045.228975855065    2    0
         0,   69   0.000000000000   0.707106781187   0.707106781187
                   0.577350269190  -0.577350269190   0.577350269190
         0,   71  -0.000000000000  -0.707106781187  -0.707106781187
                   0.577350269190  -0.577350269190   0.577350269190
0,   71 10520.050680422475 5065.718741978008 6030.388010494893    2    0
         0,   70   0.000000000000   0.707106781187   0.707106781187
                   0.577350269190  -0.577350269190   0.577350269190
         0,   72  -0.000000000000  -0.707106781187  -0.707106781187
                   0.577350269190  -0.577350269190   0.577350269190
0,   72 10712.434886092185 5287.728581503035 6060.013644350210    2    0
         0,   71   0.000000000000   0.707106781187   0.707106781187
                   0.577350269190  -0.577350269190   0.577350269190
         0,   73  -0.000000000000  -0.707106781187  -0.707106781187
                   0.577350269190  -0.577350269190   0.577350269190
0,   73 10874.847922848061 5523.224985900804 6133.097011992104    2    0
         0,   72   0.000000000000   0.707106781187   0.707106781187
                   0.577350269190  -0.577350269190   0.577350269190
         0,   74  -0.000000000000  -0.707106781187  -0.707106781187
                   0.577350269190  -0.577350269190   0.577350269190
0,   74 11001.759009516345 5764.188407566354 6247.149346989368    2    0
         0,   73   0.000000000000   0.707106781187   0.707106781187
                   0.577350269190  -0.577350269190   0.577350269190
         0,   75  -0.000000000000  -0.707106781187  -0.707106781187
                   0.577350269190  -0.577350269190   0.577350269190
0,   75 11088.846341253626 6002.413126178634 6398.286733864369    2    0
         0,   74   0.000000000000   0.707106781187   0.707106781187
                   0.577350269190  -0.577350269190   0.577350269190
         0,   76  -0.000000000000  -0.707106781187  -0.707106781187
                   0.577350269190  -0.577350269190   0.577350269190
0,   76 11133.144263427326 6229.786684664362 6581.362370176395    2    0
         0,   75   0.000000000000   0.707106781187   0.707106781187
                   0.577350269190  -0.577350269190   0.577350269190
         0,   77  -0.000000000000  -0.707106781187  -0.707106781187
                   0.577350269190  -0.577350269190   0.577350269190
0,   77 11133.144263427326 6438.566149193830 6790.141834705862    2    0
         0,   76   0.000000000000   0.707106781187   0.707106781187
                   0.577350269190  -0.577350269190   0.577350269190
         0,   78  -0.000000000000  -0.707106781187  -0.707106781187
                   0.577350269190  -0.577350269190   0.577350269190
0,   78 11088.846341253626 6621.641785505855 7017.515393191590    2    0
         0,   77   0.000000000000   0.707106781187   0.707106781187
                   0.577350269190  -0.577350269190   0.577350269190
         0,   79  -0.000000000000  -0.707106781187  -0.707106781187
                   0.577350269190  -0.577350269190   0.577350269190
0,   79 11001.759009516347 6772.779172380857 7255.740111803870    2    0
         0,   78   0.000000000000   0.707106781187   0.707106781187
                   0.577350269190  -0.577350269190   0.577350269190
         0,   80  -0.000000000000  -0.707106781187  -0.707106781187
                   0.577350269190  -0.577350269190   0.577350269190
0,   80 10874.847922848061 6886.831507378120 7496.703533469420    2    0
         0,   79   0.000000000000   0.707106781187   0.707106781187
                   0.577350269190  -0.577350269190   0.577350269190
         0,   81  -0.000000000000  -0.707106781187  -0.707106781187
                   0.577350269190  -0.577350269190   0.577350269190
0,   81 10712.434886092185 6959.914875020015 7732.199937867190    2    0
         0,   80   0.000000000000   0.707106781187   0.707106781187
                   0.577350269190  -0.577350269190   0.577350269190
         0,   82  -0.000000000000  -0.707106781187  -0.707106781187
                   0.577350269190  -0.577350269190   0.577350269190
0,   82 10520.050680422475 6989.540508875331 7954.209777392216    2    0
         0,   81   0.000000000000   0.707106781187   0.707106781187
                   0.577350269190  -0.577350269190   0.577350269190
         0,   83  -0.000000000000  -0.707106781187  -0.707106781187
                   0.577350269190  -0.577350269190   0.577350269190
0,   83 10304.246719223589 6974.699543515160 8155.172773230930    2    0
         0,   82   0.000000000000   0.707106781187   0.707106781187
                   0.577350269190  -0.577350269190   0.577350269190
         0,   84  -0.000000000000  -0.707106781187  -0.707106781187
                   0.577350269190  -0.577350269190   0.577350269190
0,   84 10072.371947565833 6915.897370215064 8328.245371588591    2    0
         0,   83   0.000000000000   0.707106781187   0.707106781187
                   0.577350269190  -0.577350269190   0.577350269190
         0,   85  -0.000000000000  -0.707106781187  -0.707106781187
                   0.577350269190  -0.577350269190   0.577350269190
0,   85 9832.322582694876 6815.136426461347 8467.533792705830    2    0
         0,   84   0.000000000000   0.707106781187   0.707106781187
                   0.577350269190  -0.577350269190   0.577350269190
         0,   86  -0.000000000000  -0.707106781187  -0.707106781187
                   0.577350269190  -0.577350269190   0.577350269190
0,   86 9592.273217823920 6675.848005344108 8568.294736459547    2    0
         0,   85   0.000000000000   0.707106781187   0.707106781187
                   0.577350269190  -0.577350269190   0.577350269190
         0,   87  -0.000000000000  -0.707106781187  -0.707106781187
                   0.577350269190  -0.577350269190   0.577350269190
0,   87 9360.398446166164 6502.775406986448 8627.096909759643    2    0
         0,   86   0.000000000000   0.707106781187   0.707106781187
                   0.577350269190  -0.577350269190   0.577350269190
         0,   88  -0.000000000000  -0.707106781187  -0.707106781187
                   0.577350269190  -0.577350269190   0.577350269190
0,   88 9144.594484967278 6301.812411147733 8641.937875119815    2    0
         0,   87   0.000000000000   0.707106781187   0.707106781187
                   0.577350269190  -0.577350269190   0.577350269190
         0,   89  -0.000000000000  -0.707106781187  -0.707106781187
                   0.577350269190  -0.577350269190   0.577350269190
0,   89 8952.210279297567 6079.802571622706 8612.312241264497    2    0
         0,   88   0.000000000000   0.707106781187   0.707106781187
                   0.577350269190  -0.577350269190   0.577350269190
         0,   90  -0.000000000000  -0.707106781187  -0.707106781187
                   0.577350269190  -0.577350269190   0.577350269190
0,   90 8789.797242541694 5844.306167224939 8539.228873622604    2    0
         0,   89   0.000000000000   0.707106781187   0.707106781187
                   0.577350269190  -0.577350269190   0.577350269190
         0,   91  -0.000000000000  -0.707106781187  -0.707106781187
                   0.577350269190  -0.577350269190   0.577350269190
0,   91 8662.886155873408 5603.342745559388 8425.176538625341    2    0
         0,   90   0.000000000000   0.707106781187   0.707106781187
                   0.577350269190  -0.577350269190   0.577350269190
         0,   92  -0.000000000000  -0.707106781187  -0.707106781187
                   0.577350269190  -0.577350269190   0.577350269190
0,   92 8575.798824136127 5365.118026947107 8274.039151750339    2    0
         0,   91   0.000000000000   0.707106781187   0.707106781187
                   0.577350269190  -0.577350269190   0.577350269190
         0,   93  -0.000000000000  -0.707106781187  -0.707106781187
                   0.577350269190  -0.577350269190   0.577350269190
0,   93 8531.500901962427 5137.744468461379 8090.963515438313    2    0
         0,   92   0.000000000000   0.707106781187   0.707106781187
                   0.577350269190  -0.577350269190   0.577350269190
         0,   94  -0.000000000000  -0.707106781187  -0.707106781187
                   0.577350269190  -0.577350269190   0.577350269190
0,   94 8531.500901962427 4928.965003931911 7882.184050908844    2    0
         0,   93   0.000000000000   0.707106781187   0.707106781187
                   0.577350269190  -0.577350269190   0.577350269190
         0,   95  -0.000000000000  -0.707106781187  -0.707106781187
                   0.577350269190  -0.577350269190   0.577350269190
0,   95 8575.798824136127 4745.889367619886 7654.810492423117    2    0
         0,   94   0.000000000000   0.707106781187   0.707106781187
                   0.577350269190  -0.577350269190   0.577350269190
         0,   96  -0.000000000000  -0.707106781187  -0.707106781187
                   0.577350269190  -0.577350269190   0.577350269190
0,   96 8662.886155873406 4594.751980744885 7416.585773810838    2    0
         0,   95   0.000000000000   0.707106781187   0.707106781187
                   0.577350269190  -0.577350269190   0.577350269190
         0,   97  -0.000000000000  -0.707106781187  -0.707106781187
                   0.577350269190  -0.577350269190   0.577350269190
0,   97 8789.797242541692 4480.699645747621 7175.622352145288    2    0
         0,   96   0.000000000000   0.707106781187   0.707106781187
                   0.577350269190  -0.577350269190   0.577350269190
         0,   98  -0.000000000000  -0.707106781187  -0.707106781187
                   0.577350269190  -0.577350269190   0.577350269190
0,   98 8952.210279297567 4407.616278105726 6940.125947747520    2    0
         0,   97   0.000000000000   0.707106781187   0.707106781187
                   0.577350269190  -0.577350269190   0.577350269190
         0,   99  -0.000000000000  -0.707106781187  -0.707106781187
                   0.577350269190  -0.577350269190   0.577350269190
0,   99 9144.594484967278 4377.990644250410 6718.116108222492    2    0
         0,   98   0.000000000000   0.707106781187   0.707106781187
                   0.577350269190  -0.577350269190   0.577350269190
         0,  100  -0.000000000000  -0.707106781187  -0.707106781187
                   0.577350269190  -0.577350269190   0.577350269190
0,  100 9360.398446166164 4392.831609610581 6517.153112383778    2    0
         0,   99   0.000000000000   0.707106781187   0.707106781187
                   0.577350269190  -0.577350269190   0.577350269190
         0,  101  -0.000000000000  -0.707106781187  -0.707106781187
                   0.577350269190  -0.577350269190   0.577350269190
0,  101 9592.273217823920 4451.633782910677 6344.080514026116    2    0
         0,  100   0.000000000000   0.707106781187   0.707106781187
                   0.577350269190  -0.577350269190   0.577350269190
         0,   68  -0.000000000000  -0.707106781187  -0.707106781187
                   0.577350269190  -0.577350269190   0.577350269190
0,  102 6297.236872194192 6431.084788106112 6187.987785338594    2    0
         0,  103  -0.707106781187  -0.000000000000  -0.707106781187
                  -0.577350269190   0.577350269190   0.577350269190
         0,  161   0.707106781187   0.000000000000   0.707106781187
                  -0.577350269190   0.577350269190   0.577350269190
0,  103 6083.903538860859 6431.084788106112 5974.654452005261    2    0
         0,  102   0.707106781187   0.000000000000   0.707106781187
                  -0.577350269190   0.577350269190   0.577350269190
         0,  104  -0.707106781187  -0.000000000000  -0.707106781187
                  -0.577350269190   0.577350269190   0.577350269190
0,  104 5870.570205527525 6431.084788106112 5761.321118671927    2    0
         0,  103   0.707106781187   0.000000000000   0.707106781187
                  -0.577350269190   0.577350269190   0.577350269190
         0,  105  -0.707106781187  -0.000000000000  -0.707106781187
                  -0.577350269190   0.577350269190   0.577350269190
0,  105 5657.236872194192 6431.084788106112 5547.987785338594    2    0
         0,  104   0.707106781187   0.000000000000   0.707106781187
                  -0.577350269190   0.577350269190   0.577350269190
         0,  106  -0.707106781187  -0.000000000000  -0.707106781187
                  -0.577350269190   0.577350269190   0.577350269190
0,  106 5443.903538860859 6431.084788106112 5334.654452005261    2    0
         0,  105   0.707106781187   0.000000000000   0.707106781187
                  -0.577350269190   0.577350269190   0.577350269190
         0,  107  -0.707106781187  -0.000000000000  -0.707106781187
                  -0.577350269190   0.577350269190   0.577350269190
0,  107 5230.570205527525 6431.084788106112 5121.321118671927    2    0
         0,  106   0.707106781187   0.000000000000   0.707106781187
                  -0.577350269190   0.577350269190   0.577350269190
         0,  108  -0.707106781187  -0.000000000000  -0.707106781187
                  -0.577350269190   0.577350269190   0.577350269190
0,  108 5017.236872194192 6431.084788106112 4907.987785338594    2    0
         0,  107   0.707106781187   0.000000000000   0.707106781187
                  -0.577350269190   0.577350269190   0.577350269190
         0,  109  -0.707106781187  -0.000000000000  -0.707106781187
                  -0.577350269190   0.577350269190   0.577350269190
0,  109 4803.903538860859 6431.084788106112 4694.654452005261    2    0
         0,  108   0.707106781187   0.000000000000   0.707106781187
                  -0.577350269190   0.577350269190   0.577350269190
         0,  110  -0.707106781187  -0.000000000000  -0.707106781187
                  -0.577350269190   0.577350269190   0.577350269190
0,  110 4590.570205527525 6431.084788106112 4481.321118671927    2    0
         0,  109   0.707106781187   0.000000000000   0.707106781187
                  -0.577350269190   0.577350269190   0.577350269190
         0,  111  -0.707106781187  -0.000000000000  -0.707106781187
                  -0.577350269190   0.577350269190   0.577350269190
0,  111 4377.236872194192 6431.084788106112 4267.987785338594    2    0
         0,  110   0.707106781187   0.000000000000   0.707106781187
                  -0.577350269190   0.577350269190   0.577350269190
         0,  112  -0.707106781187  -0.000000000000  -0.707106781187
                  -0.577350269190   0.577350269190   0.577350269190
0,  112 4163.903538860859 6431.084788106112 4054.654452005261    2    0
         0,  111   0.707106781187   0.000000000000   0.707106781187
                  -0.577350269190   0.577350269190   0.577350269190
         0,  113  -0.707106781187  -0.000000000000  -0.707106781187
                  -0.577350269190   0.577350269190   0.577350269190
0,  113 3950.570205527526 6431.084788106112 3841.321118671928    2    0
         0,  112   0.707106781187   0.000000000000   0.707106781187
                  -0.577350269190   0.577350269190   0.577350269190
         0,  114  -0.707106781187  -0.000000000000  -0.707106781187
                  -0.577350269190   0.577350269190   0.577350269190
0,  114 3737.236872194192 6431.084788106112 3627.987785338594    2    0
         0,  113   0.707106781187   0.000000000000   0.707106781187
                  -0.577350269190   0.577350269190   0.577350269190
         0,  115  -0.707106781187  -0.000000000000  -0.707106781187
                  -0.577350269190   0.577350269190   0.577350269190
0,  115 3523.903538860859 6431.084788106112 3414.654452005261    2    0
         0,  114   0.707106781187   0.000000000000   0.707106781187
                  -0.577350269190   0.577350269190   0.577350269190
         0,  116  -0.707106781187  -0.000000000000  -0.707106781187
                  -0.577350269190   0.577350269190   0.577350269190
0,  116 3310.570205527526 6431.084788106112 3201.321118671928    2    0
         0,  115   0.707106781187   0.000000000000   0.707106781187
                  -0.577350269190   0.577350269190   0.577350269190
         0,  117  -0.707106781187  -0.000000000000  -0.707106781187
                  -0.577350269190   0.577350269190   0.577350269190
0,  117 3097.236872194192 6431.084788106112 2987.987785338594    2    0
         0,  116   0.707106781187   0.000000000000   0.707106781187
                  -0.577350269190   0.577350269190   0.577350269190
         0,  118  -0.707106781187  -0.000000000000  -0.707106781187
                  -0.577350269190   0.577350269190   0.577350269190
0,  118 2883.903538860859 6431.084788106112 2774.654452005261    2    0
         0,  117   0.707106781187   0.000000000000   0.707106781187
                  -0.577350269190   0.577350269190   0.577350269190
         0,  119  -0.707106781187  -0.000000000000  -0.707106781187
                  -0.577350269190   0.577350269190   0.577350269190
0,  119 2670.570205527526 6431.084788106112 2561.321118671928    2    0
         0,  118   0.707106781187   0.000000000000   0.707106781187
                  -0.577350269190   0.577350269190   0.577350269190
         0,  120  -0.707106781187  -0.000000000000  -0.707106781187
                  -0.577350269190   0.577350269190   0.577350269190
0,  120 2457.236872194192 6431.084788106112 2347.987785338594    2    0
         0,  119   0.707106781187   0.000000000000   0.707106781187
                  -0.577350269190   0.577350269190   0.577350269190
         0,  121  -0.707106781187  -0.000000000000  -0.707106781187
                  -0.577350269190   0.577350269190   0.577350269190
0,  121 2243.903538860859 6431.084788106112 2134.654452005261    2    0
         0,  120   0.707106781187   0.000000000000   0.707106781187
                  -0.577350269190   0.577350269190   0.577350269190
         0,  122  -0.707106781187  -0.000000000000  -0.707106781187
                  -0.577350269190   0.577350269190   0.577350269190
0,  122 2030.570205527526 6431.084788106112 1921.321118671928    2    0
         0,  121   0.707106781187   0.000000000000   0.707106781187
                  -0.577350269190   0.577350269190   0.577350269190
         0,  123  -0.707106781187  -0.000000000000  -0.707106781187
                  -0.577350269190   0.577350269190   0.577350269190
0,  123 1817.236872194192 6431.084788106112 1707.987785338594    2    0
         0,  122   0.707106781187   0.000000000000   0.707106781187
                  -0.577350269190   0.577350269190   0.577350269190
         0,  124  -0.707106781187  -0.000000000000  -0.707106781187
                  -0.577350269190   0.577350269190   0.577350269190
0,  124 1603.903538860859 6431.084788106112 1494.654452005261    2    0
         0,  123   0.707106781187   0.000000000000   0.707106781187
                  -0.577350269190   0.577350269190   0.577350269190
         0,  125  -0.707106781187  -0.000000000000  -0.707106781187
                  -0.577350269190   0.577350269190   0.577350269190
0,  125 1390.570205527525 6431.084788106112 1281.321118671927    2    0
         0,  124   0.707106781187   0.000000000000   0.707106781187
                  -0.577350269190   0.577350269190   0.577350269190
         0,  126  -0.707106781187  -0.000000000000  -0.707106781187
                  -0.577350269190   0.577350269190   0.577350269190
0,  126 1177.236872194192 6431.084788106112 1067.987785338594    2    0
         0,  125   0.707106781187   0.000000000000   0.707106781187
                  -0.577350269190   0.577350269190   0.577350269190
         0,  127  -0.707106781187  -0.000000000000  -0.707106781187
                  -0.577350269190   0.577350269190   0.577350269190
0,  127 963.903538860858 6431.084788106112 854.654452005260    2    0
         0,  126   0.707106781187   0.000000000000   0.707106781187
                  -0.577350269190   0.577350269190   0.577350269190
         0,  128  -0.707106781187  -0.000000000000  -0.707106781187
                  -0.577350269190   0.577350269190   0.577350269190
0,  128 750.570205527525 6431.084788106112 641.321118671927    2    0
         0,  127   0.707106781187   0.000000000000   0.707106781187
                  -0.577350269190   0.577350269190   0.577350269190
         0,  129  -0.707106781187  -0.000000000000  -0.707106781187
                  -0.577350269190   0.577350269190   0.577350269190
0,  129 537.236872194192 6431.084788106112 427.987785338594    2    0
         0,  128   0.707106781187   0.000000000000   0.707106781187
                  -0.577350269190   0.577350269190   0.577350269190
         0,  130  -0.707106781187  -0.000000000000  -0.707106781187
                  -0.577350269190   0.577350269190   0.577350269190
0,  130 323.903538860859 6431.084788106112 214.654452005261    2    0
         0,  129   0.707106781187   0.000000000000   0.707106781187
                  -0.577350269190   0.577350269190   0.577350269190
         0,  131  -0.707106781187  -0.000000000000  -0.707106781187
                  -0.577350269190   0.577350269190   0.577350269190
0,  131 110.570205527525 6431.084788106112   1.321118671927    2    0
         0,  130   0.707106781187   0.000000000000   0.707106781187
                  -0.577350269190   0.577350269190   0.577350269190
         0,  132  -0.707106781187  -0.000000000000  -0.707106781187
                  -0.577350269190   0.577350269190   0.577350269190
0,  132 12697.236872194193 6431.084788106112 12587.987785338595    2    0
         0,  131   0.707106781187   0.000000000000   0.707106781187
                  -0.577350269190   0.577350269190   0.577350269190
         0,  133  -0.707106781187  -0.000000000000  -0.707106781187
                  -0.577350269190   0.577350269190   0.577350269190
0,  133 12483.903538860857 6431.084788106112 12374.654452005259    2    0
         0,  132   0.707106781187   0.000000000000   0.707106781187
                  -0.577350269190   0.577350269190   0.577350269190
         0,  134  -0.707106781187  -0.000000000000  -0.707106781187
                  -0.577350269190   0.577350269190   0.577350269190
0,  134 12270.570205527525 6431.084788106112 12161.321118671927    2    0
         0,  133   0.707106781187   0.000000000000   0.707106781187
                  -0.577350269190   0.577350269190   0.577350269190
         0,  135  -0.707106781187  -0.000000000000  -0.707106781187
                  -0.577350269190   0.577350269190   0.577350269190
0,  135 12057.236872194191 6431.084788106112 11947.987785338593    2    0
         0,  134   0.707106781187   0.000000000000   0.707106781187
                  -0.577350269190   0.577350269190   0.577350269190
         0,  136  -0.707106781187  -0.000000000000  -0.707106781187
                  -0.577350269190   0.577350269190   0.577350269190
0,  136 11843.903538860859 6431.084788106112 11734.654452005261    2    0
         0,  135   0.707106781187   0.000000000000   0.707106781187
                  -0.577350269190   0.577350269190   0.577350269190
         0,  137  -0.707106781187  -0.000000000000  -0.707106781187
                  -0.577350269190   0.577350269190   0.577350269190
0,  137 11630.570205527525 6431.084788106112 11521.321118671927    2    0
         0,  136   0.707106781187   0.000000000000   0.707106781187
                  -0.577350269190   0.577350269190   0.577350269190
         0,  138  -0.707106781187  -0.000000000000  -0.707106781187
                  -0.577350269190   0.577350269190   0.577350269190
0,  138 11417.236872194193 6431.084788106112 11307.987785338595    2    0
         0,  137   0.707106781187   0.000000000000   0.707106781187
                  -0.577350269190   0.577350269190   0.577350269190
         0,  139  -0.707106781187  -0.000000000000  -0.707106781187
                  -0.577350269190   0.577350269190   0.577350269190
0,  139 11203.903538860857 6431.084788106112 11094.654452005259    2    0
         0,  138   0.707106781187   0.000000000000   0.707106781187
                  -0.577350269190   0.577350269190   0.577350269190
         0,  140  -0.707106781187  -0.000000000000  -0.707106781187
                  -0.577350269190   0.577350269190   0.577350269190
0,  140 10990.570205527525 6431.084788106112 10881.321118671927    2    0
         0,  139   0.707106781187   0.000000000000   0.707106781187
                  -0.577350269190   0.577350269190   0.577350269190
         0,  141  -0.707106781187  -0.000000000000  -0.707106781187
                  -0.577350269190   0.577350269190   0.577350269190
0,  141 10777.236872194193 6431.084788106112 10667.987785338595    2    0
         0,  140   0.707106781187   0.000000000000   0.707106781187
                  -0.577350269190   0.577350269190   0.577350269190
         0,  142  -0.707106781187  -0.000000000000  -0.707106781187
                  -0.577350269190   0.577350269190   0.577350269190
0,  142 10563.903538860861 6431.084788106112 10454.654452005263    2    0
         0,  141   0.707106781187   0.000000000000   0.707106781187
                  -0.577350269190   0.577350269190   0.577350269190
         0,  143  -0.707106781187  -0.000000000000  -0.707106781187
                  -0.577350269190   0.577350269190   0.577350269190
0,  143 10350.570205527525 6431.084788106112 10241.321118671927    2    0
         0,  142   0.707106781187   0.000000000000   0.707106781187
                  -0.577350269190   0.577350269190   0.577350269190
         0,  144  -0.707106781187  -0.000000000000  -0.707106781187
                  -0.577350269190   0.577350269190   0.577350269190
0,  144 10137.236872194193 6431.084788106112 10027.987785338595    2    0
         0,  143   0.707106781187   0.000000000000   0.707106781187
                  -0.577350269190   0.577350269190   0.577350269190
         0,  145  -0.707106781187  -0.000000000000  -0.707106781187
                  -0.577350269190   0.577350269190   0.577350269190
0,  145 9923.903538860857 6431.084788106112 9814.654452005259    2    0
         0,  144   0.707106781187   0.000000000000   0.707106781187
                  -0.577350269190   0.577350269190   0.577350269190
         0,  146  -0.707106781187  -0.000000000000  -0.707106781187
                  -0.577350269190   0.577350269190   0.577350269190
0,  146 9710.570205527525 6431.084788106112 9601.321118671927    2    0
         0,  145   0.707106781187   0.000000000000   0.707106781187
                  -0.577350269190   0.577350269190   0.577350269190
         0,  147  -0.707106781187  -0.000000000000  -0.707106781187
                  -0.577350269190   0.577350269190   0.577350269190
0,  147 9497.236872194193 6431.084788106112 9387.987785338595    2    0
         0,  146   0.707106781187   0.000000000000   0.707106781187
                  -0.577350269190   0.577350269190   0.577350269190
         0,  148  -0.707106781187  -0.000000000000  -0.707106781187
                  -0.577350269190   0.577350269190   0.577350269190
0,  148 9283.903538860857 6431.084788106112 9174.654452005259    2    0
         0,  147   0.707106781187   0.000000000000   0.707106781187
                  -0.577350269190   0.577350269190   0.577350269190
         0,  149  -0.707106781187  -0.000000000000  -0.707106781187
                  -0.577350269190   0.577350269190   0.577350269190
0,  149 9070.570205527525 6431.084788106112 8961.321118671927    2    0
         0,  148   0.707106781187   0.000000000000   0.707106781187
                  -0.577350269190   0.577350269190   0.577350269190
         0,  150  -0.707106781187  -0.000000000000  -0.707106781187
                  -0.577350269190   0.577350269190   0.577350269190
0,  150 8857.236872194193 6431.084788106112 8747.987785338595    2    0
         0,  149   0.707106781187   0.000000000000   0.707106781187
                  -0.577350269190   0.577350269190   0.577350269190
         0,  151  -0.707106781187  -0.000000000000  -0.707106781187
                  -0.577350269190   0.577350269190   0.577350269190
0,  151 8643.903538860857 6431.084788106112 8534.654452005259    2    0
         0,  150   0.707106781187   0.000000000000   0.707106781187
                  -0.577350269190   0.577350269190   0.577350269190
         0,  152  -0.707106781187  -0.000000000000  -0.707106781187
                  -0.577350269190   0.577350269190   0.577350269190
0,  152 8430.570205527525 6431.084788106112 8321.321118671927    2    0
         0,  151   0.707106781187   0.000000000000   0.707106781187
                  -0.577350269190   0.577350269190   0.577350269190
         0,  153  -0.707106781187  -0.000000000000  -0.707106781187
                  -0.577350269190   0.577350269190   0.577350269190
0,  153 8217.236872194193 6431.084788106112 8107.987785338594    2    0
         0,  152   0.707106781187   0.000000000000   0.707106781187
                  -0.577350269190   0.577350269190   0.577350269190
         0,  154  -0.707106781187  -0.000000000000  -0.707106781187
                  -0.577350269190   0.577350269190   0.577350269190
0,  154 8003.903538860858 6431.084788106112 7894.654452005260    2    0
         0,  153   0.707106781187   0.000000000000   0.707106781187
                  -0.577350269190   0.577350269190   0.577350269190
         0,  155  -0.707106781187  -0.000000000000  -0.707106781187
                  -0.577350269190   0.577350269190   0.577350269190
0,  155 7790.570205527526 6431.084788106112 7681.321118671928    2    0
         0,  154   0.707106781187   0.000000000000   0.707106781187
                  -0.577350269190   0.577350269190   0.577350269190
         0,  156  -0.707106781187  -0.000000000000  -0.707106781187
                  -0.577350269190   0.577350269190   0.577350269190
0,  156 7577.236872194192 6431.084788106112 7467.987785338594    2    0
         0,  155   0.707106781187   0.000000000000   0.707106781187
                  -0.577350269190   0.577350269190   0.577350269190
         0,  157  -0.707106781187  -0.000000000000  -0.707106781187
                  -0.577350269190   0.577350269190   0.577350269190
0,  157 7363.903538860860 6431.084788106112 7254.654452005262    2    0
         0,  156   0.707106781187   0.000000000000   0.707106781187
                  -0.577350269190   0.577350269190   0.577350269190
         0,  158  -0.707106781187  -0.000000000000  -0.707106781187
                  -0.577350269190   0.577350269190   0.577350269190
0,  158 7150.570205527526 6431.084788106112 7041.321118671928    2    0
         0,  157   0.707106781187   0.000000000000   0.707106781187
                  -0.577350269190   0.577350269190   0.577350269190
         0,  159  -0.707106781187  -0.000000000000  -0.707106781187
                  -0.577350269190   0.577350269190   0.577350269190
0,  159 6937.236872194192 6431.084788106112 6827.987785338594    2    0
         0,  158   0.707106781187   0.000000000000   0.707106781187
                  -0.577350269190   0.577350269190   0.577350269190
         0,  160  -0.707106781187  -0.000000000000  -0.707106781187
                  -0.577350269190   0.577350269190   0.577350269190
0,  160 6723.903538860858 6431.084788106112 6614.654452005260    2    0
         0,  159   0.707106781187   0.000000000000   0.707106781187
                  -0.577350269190   0.577350269190   0.577350269190
         0,  161  -0.707106781187  -0.000000000000  -0.707106781187
                  -0.577350269190   0.577350269190   0.577350269190
0,  161 6510.570205527526 6431.084788106112 6401.321118671928    2    0
         0,  160   0.707106781187   0.000000000000   0.707106781187
                  -0.577350269190   0.577350269190   0.577350269190
         0,  102  -0.707106781187  -0.000000000000  -0.707106781187
                  -0.577350269190   0.577350269190   0.577350269190
