dataFileVersion = 4
numFileSegments = 1
minCoordinates = [
 0.000000
 0.000000
 0.000000
 ]
maxCoordinates = [
 12800.000000
 12800.000000
 12800.000000
 ]
nodeCount = 144
dataDecompType = 2
dataDecompGeometry = [
 1
 1
 1
 ]

#
#  END OF DATA FILE PARAMETERS
#

domainDecomposition = 
# Dom_ID  Minimum XYZ bounds   Maximum XYZ bounds
  0  0.000000  0.000000  0.000000  12800.000000  12800.000000  12800.000000
nodalData =
# Primary lines: node_tag, x, y, z, num_arms, constraint
# Secondary lines: arm_tag, burgx, burgy, burgz, nx, ny, nz
0,    0 6564.682963784662 4889.712794355501 10331.790177133062    2    0
         0,    1   0.000000000000   0.707106781187   0.707106781187
                   0.577350269190   0.577350269190  -0.577350269190
         0,   23  -0.000000000000  -0.707106781187  -0.707106781187
                   0.577350269190   0.577350269190  -0.577350269190
0,    1 6797.140315730368 4746.980631158886 10421.515365882153    2    0
         0,    0  -0.000000000000  -0.707106781187  -0.707106781187
                   0.577350269190   0.577350269190  -0.577350269190
         0,    2   0.000000000000   0.707106781187   0.707106781187
                   0.577350269190   0.577350269190  -0.577350269190
0,    2 7013.756083294911 4560.968454560547 10452.118956848357    2    0
         0,    1  -0.000000000000  -0.707106781187  -0.707106781187
                   0.577350269190   0.577350269190  -0.577350269190
         0,    3   0.000000000000   0.707106781187   0.707106781187
                   0.577350269190   0.577350269190  -0.577350269190
0,    3 7199.768259893251 4344.352686996004 10421.515365882153    2    0
         0,    2  -0.000000000000  -0.707106781187  -0.707106781187
                   0.577350269190   0.577350269190  -0.577350269190
         0,    4   0.000000000000   0.707106781187   0.707106781187
                   0.577350269190   0.577350269190  -0.577350269190
0,    4 7342.500423089865 4111.895335050298 10331.790177133062    2    0
         0,    3  -0.000000000000  -0.707106781187  -0.707106781187
                   0.577350269190   0.577350269190  -0.577350269190
         0,    5   0.000000000000   0.707106781187   0.707106781187
                   0.577350269190   0.577350269190  -0.577350269190
0,    5 7432.225611838957 3879.437983104592 10189.058013936447    2    0
         0,    4  -0.000000000000  -0.707106781187  -0.707106781187
                   0.577350269190   0.577350269190  -0.577350269190
         0,    6   0.000000000000   0.707106781187   0.707106781187
                   0.577350269190   0.577350269190  -0.577350269190
0,    6 7462.829202805161 3662.822215540049 10003.045837338108    2    0
         0,    5  -0.000000000000  -0.707106781187  -0.707106781187
                   0.577350269190   0.577350269190  -0.577350269190
         0,    7   0.000000000000   0.707106781187   0.707106781187
                   0.577350269190   0.577350269190  -0.577350269190
0,    7 7432.225611838957 3476.810038941710 9786.430069773565    2    0
         0,    6  -0.000000000000  -0.707106781187  -0.707106781187
                   0.577350269190   0.577350269190  -0.577350269190
         0,    8   0.000000000000   0.707106781187   0.707106781187
                   0.577350269190   0.577350269190  -0.577350269190
0,    8 7342.500423089865 3334.077875745096 9553.972717827859    2    0
         0,    7  -0.000000000000  -0.707106781187  -0.707106781187
                   0.577350269190   0.577350269190  -0.577350269190
         0,    9   0.000000000000   0.707106781187   0.707106781187
                   0.577350269190   0.577350269190  -0.577350269190
0,    9 7199.768259893251 3244.352686996004 9321.515365882153    2    0
         0,    8  -0.000000000000  -0.707106781187  -0.707106781187
                   0.577350269190   0.577350269190  -0.577350269190
         0,   10   0.000000000000   0.707106781187   0.707106781187
                   0.577350269190   0.577350269190  -0.577350269190
0,   10 7013.756083294911 3213.749096029799 9104.899598317610    2    0
         0,    9  -0.000000000000  -0.707106781187  -0.707106781187
                   0.577350269190   0.577350269190  -0.577350269190
         0,   11   0.000000000000   0.707106781187   0.707106781187
                   0.577350269190   0.577350269190  -0.577350269190
0,   11 6797.140315730368 3244.352686996004 8918.887421719272    2    0
         0,   10  -0.000000000000  -0.707106781187  -0.707106781187
                   0.577350269190   0.577350269190  -0.577350269190
         0,   12   0.000000000000   0.707106781187   0.707106781187
                   0.577350269190   0.577350269190  -0.577350269190
0,   12 6564.682963784662 3334.077875745096 8776.155258522656    2    0
         0,   11  -0.000000000000  -0.707106781187  -0.707106781187
                   0.577350269190   0.577350269190  -0.577350269190
         0,   13   0.000000000000   0.707106781187   0.707106781187
                   0.577350269190   0.577350269190  -0.577350269190
0,   13 6332.225611838956 3476.810038941710 8686.430069773565    2    0
         0,   12  -0.000000000000  -0.707106781187  -0.707106781187
                   0.577350269190   0.577350269190  -0.577350269190
         0,   14   0.000000000000   0.707106781187   0.707106781187
                   0.577350269190   0.577350269190  -0.577350269190
0,   14 6115.609844274413 3662.822215540049 8655.826478807361    2    0
         0,   13  -0.000000000000  -0.707106781187  -0.707106781187
                   0.577350269190   0.577350269190  -0.577350269190
         0,   15   0.000000000000   0.707106781187   0.707106781187
                   0.577350269190   0.577350269190  -0.577350269190
0,   15 5929.597667676074 3879.437983104592 8686.430069773565    2    0
         0,   14  -0.000000000000  -0.707106781187  -0.707106781187
                   0.577350269190   0.577350269190  -0.577350269190
         0,   16   0.000000000000   0.707106781187   0.707106781187
                   0.577350269190   0.577350269190  -0.577350269190
0,   16 5786.865504479460 4111.895335050297 8776.155258522656    2    0
         0,   15  -0.000000000000  -0.707106781187  -0.707106781187
                   0.577350269190   0.577350269190  -0.577350269190
         0,   17   0.000000000000   0.707106781187   0.707106781187
                   0.577350269190   0.577350269190  -0.577350269190
0,   17 5697.140315730368 4344.352686996004 8918.887421719272    2    0
         0,   16  -0.000000000000  -0.707106781187  -0.707106781187
                   0.577350269190   0.577350269190  -0.577350269190
         0,   18   0.000000000000   0.707106781187   0.707106781187
                   0.577350269190   0.577350269190  -0.577350269190
0,   18 5666.536724764163 4560.968454560547 9104.899598317610    2    0
         0,   17  -0.000000000000  -0.707106781187  -0.707106781187
                   0.577350269190   0.577350269190  -0.577350269190
         0,   19   0.000000000000   0.707106781187   0.707106781187
                   0.577350269190   0.577350269190  -0.577350269190
0,   19 5697.140315730368 4746.980631158886 9321.515365882153    2    0
         0,   18  -0.000000000000  -0.707106781187  -0.707106781187
                   0.577350269190   0.577350269190  -0.577350269190
         0,   20   0.000000000000   0.707106781187   0.707106781187
                   0.577350269190   0.577350269190  -0.577350269190
0,   20 5786.865504479460 4889.712794355501 9553.972717827859    2    0
         0,   19  -0.000000000000  -0.707106781187  -0.707106781187
                   0.577350269190   0.577350269190  -0.577350269190
         0,   21   0.000000000000   0.707106781187   0.707106781187
                   0.577350269190   0.577350269190  -0.577350269190
0,   21 5929.597667676074 4979.437983104592 9786.430069773565    2    0
         0,   20  -0.000000000000  -0.707106781187  -0.707106781187
                   0.577350269190   0.577350269190  -0.577350269190
         0,   22   0.000000000000   0.707106781187   0.707106781187
                   0.577350269190   0.577350269190  -0.577350269190
0,   22 6115.609844274412 5010.041574070797 10003.045837338108    2    0
         0,   21  -0.000000000000  -0.707106781187  -0.707106781187
                   0.577350269190   0.577350269190  -0.577350269190
         0,   23   0.000000000000   0.707106781187   0.707106781187
                   0.577350269190   0.577350269190  -0.577350269190
0,   23 6332.225611838956 4979.437983104593 10189.058013936447    2    0
         0,   22  -0.000000000000  -0.707106781187  -0.707106781187
                   0.577350269190   0.577350269190  -0.577350269190
         0,    0   0.000000000000   0.707106781187   0.707106781187
                   0.577350269190   0.577350269190  -0.577350269190
0,   24 6419.661145632756 4739.693002142912 2435.720021075254    2    0
         0,   25   0.000000000000   0.707106781187  -0.707106781187
                  -0.577350269190   0.577350269190   0.577350269190
         0,   47  -0.000000000000  -0.707106781187   0.707106781187
                  -0.577350269190   0.577350269190   0.577350269190
0,   25 6187.203793687049 4596.960838946297 2345.994832326162    2    0
         0,   24  -0.000000000000  -0.707106781187   0.707106781187
                  -0.577350269190   0.577350269190   0.577350269190
         0,   26   0.000000000000   0.707106781187  -0.707106781187
                  -0.577350269190   0.577350269190   0.577350269190
0,   26 5970.588026122507 4410.948662347959 2315.391241359958    2    0
         0,   25  -0.000000000000  -0.707106781187   0.707106781187
                  -0.577350269190   0.577350269190   0.577350269190
         0,   27   0.000000000000   0.707106781187  -0.707106781187
                  -0.577350269190   0.577350269190   0.577350269190
0,   27 5784.575849524167 4194.332894783415 2345.994832326162    2    0
         0,   26  -0.000000000000  -0.707106781187   0.707106781187
                  -0.577350269190   0.577350269190   0.577350269190
         0,   28   0.000000000000   0.707106781187  -0.707106781187
                  -0.577350269190   0.577350269190   0.577350269190
0,   28 5641.843686327553 3961.875542837709 2435.720021075254    2    0
         0,   27  -0.000000000000  -0.707106781187   0.707106781187
                  -0.577350269190   0.577350269190   0.577350269190
         0,   29   0.000000000000   0.707106781187  -0.707106781187
                  -0.577350269190   0.577350269190   0.577350269190
0,   29 5552.118497578461 3729.418190892004 2578.452184271868    2    0
         0,   28  -0.000000000000  -0.707106781187   0.707106781187
                  -0.577350269190   0.577350269190   0.577350269190
         0,   30   0.000000000000   0.707106781187  -0.707106781187
                  -0.577350269190   0.577350269190   0.577350269190
0,   30 5521.514906612257 3512.802423327460 2764.464360870207    2    0
         0,   29  -0.000000000000  -0.707106781187   0.707106781187
                  -0.577350269190   0.577350269190   0.577350269190
         0,   31   0.000000000000   0.707106781187  -0.707106781187
                  -0.577350269190   0.577350269190   0.577350269190
0,   31 5552.118497578461 3326.790246729121 2981.080128434751    2    0
         0,   30  -0.000000000000  -0.707106781187   0.707106781187
                  -0.577350269190   0.577350269190   0.577350269190
         0,   32   0.000000000000   0.707106781187  -0.707106781187
                  -0.577350269190   0.577350269190   0.577350269190
0,   32 5641.843686327553 3184.058083532507 3213.537480380456    2    0
         0,   31  -0.000000000000  -0.707106781187   0.707106781187
                  -0.577350269190   0.577350269190   0.577350269190
         0,   33   0.000000000000   0.707106781187  -0.707106781187
                  -0.577350269190   0.577350269190   0.577350269190
0,   33 5784.575849524167 3094.332894783415 3445.994832326162    2    0
         0,   32  -0.000000000000  -0.707106781187   0.707106781187
                  -0.577350269190   0.577350269190   0.577350269190
         0,   34   0.000000000000   0.707106781187  -0.707106781187
                  -0.577350269190   0.577350269190   0.577350269190
0,   34 5970.588026122507 3063.729303817211 3662.610599890706    2    0
         0,   33  -0.000000000000  -0.707106781187   0.707106781187
                  -0.577350269190   0.577350269190   0.577350269190
         0,   35   0.000000000000   0.707106781187  -0.707106781187
                  -0.577350269190   0.577350269190   0.577350269190
0,   35 6187.203793687049 3094.332894783415 3848.622776489045    2    0
         0,   34  -0.000000000000  -0.707106781187   0.707106781187
                  -0.577350269190   0.577350269190   0.577350269190
         0,   36   0.000000000000   0.707106781187  -0.707106781187
                  -0.577350269190   0.577350269190   0.577350269190
0,   36 6419.661145632756 3184.058083532507 3991.354939685659    2    0
         0,   35  -0.000000000000  -0.707106781187   0.707106781187
                  -0.577350269190   0.577350269190   0.577350269190
         0,   37   0.000000000000   0.707106781187  -0.707106781187
                  -0.577350269190   0.577350269190   0.577350269190
0,   37 6652.118497578462 3326.790246729121 4081.080128434751    2    0
         0,   36  -0.000000000000  -0.707106781187   0.707106781187
                  -0.577350269190   0.577350269190   0.577350269190
         0,   38   0.000000000000   0.707106781187  -0.707106781187
                  -0.577350269190   0.577350269190   0.577350269190
0,   38 6868.734265143004 3512.802423327460 4111.683719400955    2    0
         0,   37  -0.000000000000  -0.707106781187   0.707106781187
                  -0.577350269190   0.577350269190   0.577350269190
         0,   39   0.000000000000   0.707106781187  -0.707106781187
                  -0.577350269190   0.577350269190   0.577350269190
0,   39 7054.746441741344 3729.418190892003 4081.080128434751    2    0
         0,   38  -0.000000000000  -0.707106781187   0.707106781187
                  -0.577350269190   0.577350269190   0.577350269190
         0,   40   0.000000000000   0.707106781187  -0.707106781187
                  -0.577350269190   0.577350269190   0.577350269190
0,   40 7197.478604937957 3961.875542837709 3991.354939685659    2    0
         0,   39  -0.000000000000  -0.707106781187   0.707106781187
                  -0.577350269190   0.577350269190   0.577350269190
         0,   41   0.000000000000   0.707106781187  -0.707106781187
                  -0.577350269190   0.577350269190   0.577350269190
0,   41 7287.203793687050 4194.332894783415 3848.622776489045    2    0
         0,   40  -0.000000000000  -0.707106781187   0.707106781187
                  -0.577350269190   0.577350269190   0.577350269190
         0,   42   0.000000000000   0.707106781187  -0.707106781187
                  -0.577350269190   0.577350269190   0.577350269190
0,   42 7317.807384653254 4410.948662347959 3662.610599890706    2    0
         0,   41  -0.000000000000  -0.707106781187   0.707106781187
                  -0.577350269190   0.577350269190   0.577350269190
         0,   43   0.000000000000   0.707106781187  -0.707106781187
                  -0.577350269190   0.577350269190   0.577350269190
0,   43 7287.203793687050 4596.960838946297 3445.994832326163    2    0
         0,   42  -0.000000000000  -0.707106781187   0.707106781187
                  -0.577350269190   0.577350269190   0.577350269190
         0,   44   0.000000000000   0.707106781187  -0.707106781187
                  -0.577350269190   0.577350269190   0.577350269190
0,   44 7197.478604937958 4739.693002142912 3213.537480380457    2    0
         0,   43  -0.000000000000  -0.707106781187   0.707106781187
                  -0.577350269190   0.577350269190   0.577350269190
         0,   45   0.000000000000   0.707106781187  -0.707106781187
                  -0.577350269190   0.577350269190   0.577350269190
0,   45 7054.746441741344 4829.418190892004 2981.080128434751    2    0
         0,   44  -0.000000000000  -0.707106781187   0.707106781187
                  -0.577350269190   0.577350269190   0.577350269190
         0,   46   0.000000000000   0.707106781187  -0.707106781187
                  -0.577350269190   0.577350269190   0.577350269190
0,   46 6868.734265143005 4860.021781858208 2764.464360870208    2    0
         0,   45  -0.000000000000  -0.707106781187   0.707106781187
                  -0.577350269190   0.577350269190   0.577350269190
         0,   47   0.000000000000   0.707106781187  -0.707106781187
                  -0.577350269190   0.577350269190   0.577350269190
0,   47 6652.118497578462 4829.418190892004 2578.452184271869    2    0
         0,   46  -0.000000000000  -0.707106781187   0.707106781187
                  -0.577350269190   0.577350269190   0.577350269190
         0,   24   0.000000000000   0.707106781187  -0.707106781187
                  -0.577350269190   0.577350269190   0.577350269190
0,   48 6441.754267060850 7878.361068518168 2668.719858771887    2    0
         0,   49  -0.000000000000  -0.707106781187  -0.707106781187
                   0.577350269190  -0.577350269190   0.577350269190
         0,   71   0.000000000000   0.707106781187   0.707106781187
                   0.577350269190  -0.577350269190   0.577350269190
0,   49 6674.211619006556 8021.093231714783 2578.994670022795    2    0
         0,   48   0.000000000000   0.707106781187   0.707106781187
                   0.577350269190  -0.577350269190   0.577350269190
         0,   50  -0.000000000000  -0.707106781187  -0.707106781187
                   0.577350269190  -0.577350269190   0.577350269190
0,   50 6890.827386571099 8207.105408313122 2548.391079056590    2    0
         0,   49   0.000000000000   0.707106781187   0.707106781187
                   0.577350269190  -0.577350269190   0.577350269190
         0,   51  -0.000000000000  -0.707106781187  -0.707106781187
                   0.577350269190  -0.577350269190   0.577350269190
0,   51 7076.839563169438 8423.721175877665 2578.994670022795    2    0
         0,   50   0.000000000000   0.707106781187   0.707106781187
                   0.577350269190  -0.577350269190   0.577350269190
         0,   52  -0.000000000000  -0.707106781187  -0.707106781187
                   0.577350269190  -0.577350269190   0.577350269190
0,   52 7219.571726366053 8656.178527823371 2668.719858771887    2    0
         0,   51   0.000000000000   0.707106781187   0.707106781187
                   0.577350269190  -0.577350269190   0.577350269190
         0,   53  -0.000000000000  -0.707106781187  -0.707106781187
                   0.577350269190  -0.577350269190   0.577350269190
0,   53 7309.296915115145 8888.635879769077 2811.452021968501    2    0
         0,   52   0.000000000000   0.707106781187   0.707106781187
                   0.577350269190  -0.577350269190   0.577350269190
         0,   54  -0.000000000000  -0.707106781187  -0.707106781187
                   0.577350269190  -0.577350269190   0.577350269190
0,   54 7339.900506081349 9105.251647333620 2997.464198566840    2    0
         0,   53   0.000000000000   0.707106781187   0.707106781187
                   0.577350269190  -0.577350269190   0.577350269190
         0,   55  -0.000000000000  -0.707106781187  -0.707106781187
                   0.577350269190  -0.577350269190   0.577350269190
0,   55 7309.296915115145 9291.263823931959 3214.079966131383    2    0
         0,   54   0.000000000000   0.707106781187   0.707106781187
                   0.577350269190  -0.577350269190   0.577350269190
         0,   56  -0.000000000000  -0.707106781187  -0.707106781187
                   0.577350269190  -0.577350269190   0.577350269190
0,   56 7219.571726366053 9433.995987128574 3446.537318077088    2    0
         0,   55   0.000000000000   0.707106781187   0.707106781187
                   0.577350269190  -0.577350269190   0.577350269190
         0,   57  -0.000000000000  -0.707106781187  -0.707106781187
                   0.577350269190  -0.577350269190   0.577350269190
0,   57 7076.839563169438 9523.721175877665 3678.994670022795    2    0
         0,   56   0.000000000000   0.707106781187   0.707106781187
                   0.577350269190  -0.577350269190   0.577350269190
         0,   58  -0.000000000000  -0.707106781187  -0.707106781187
                   0.577350269190  -0.577350269190   0.577350269190
0,   58 6890.827386571099 9554.324766843869 3895.610437587338    2    0
         0,   57   0.000000000000   0.707106781187   0.707106781187
                   0.577350269190  -0.577350269190   0.577350269190
         0,   59  -0.000000000000  -0.707106781187  -0.707106781187
                   0.577350269190  -0.577350269190   0.577350269190
0,   59 6674.211619006556 9523.721175877665 4081.622614185677    2    0
         0,   58   0.000000000000   0.707106781187   0.707106781187
                   0.577350269190  -0.577350269190   0.577350269190
         0,   60  -0.000000000000  -0.707106781187  -0.707106781187
                   0.577350269190  -0.577350269190   0.577350269190
0,   60 6441.754267060850 9433.995987128574 4224.354777382291    2    0
         0,   59   0.000000000000   0.707106781187   0.707106781187
                   0.577350269190  -0.577350269190   0.577350269190
         0,   61  -0.000000000000  -0.707106781187  -0.707106781187
                   0.577350269190  -0.577350269190   0.577350269190
0,   61 6209.296915115144 9291.263823931960 4314.079966131383    2    0
         0,   60   0.000000000000   0.707106781187   0.707106781187
                   0.577350269190  -0.577350269190   0.577350269190
         0,   62  -0.000000000000  -0.707106781187  -0.707106781187
                   0.577350269190  -0.577350269190   0.577350269190
0,   62 5992.681147550601 9105.251647333620 4344.683557097587    2    0
         0,   61   0.000000000000   0.707106781187   0.707106781187
                   0.577350269190  -0.577350269190   0.577350269190
         0,   63  -0.000000000000  -0.707106781187  -0.707106781187
                   0.577350269190  -0.577350269190   0.577350269190
0,   63 5806.668970952262 8888.635879769077 4314.079966131383    2    0
         0,   62   0.000000000000   0.707106781187   0.707106781187
                   0.577350269190  -0.577350269190   0.577350269190
         0,   64  -0.000000000000  -0.707106781187  -0.707106781187
                   0.577350269190  -0.577350269190   0.577350269190
0,   64 5663.936807755648 8656.178527823371 4224.354777382291    2    0
         0,   63   0.000000000000   0.707106781187   0.707106781187
                   0.577350269190  -0.577350269190   0.577350269190
         0,   65  -0.000000000000  -0.707106781187  -0.707106781187
                   0.577350269190  -0.577350269190   0.577350269190
0,   65 5574.211619006555 8423.721175877665 4081.622614185677    2    0
         0,   64   0.000000000000   0.707106781187   0.707106781187
                   0.577350269190  -0.577350269190   0.577350269190
         0,   66  -0.000000000000  -0.707106781187  -0.707106781187
                   0.577350269190  -0.577350269190   0.577350269190
0,   66 5543.608028040351 8207.105408313122 3895.610437587338    2    0
         0,   65   0.000000000000   0.707106781187   0.707106781187
                   0.577350269190  -0.577350269190   0.577350269190
         0,   67  -0.000000000000  -0.707106781187  -0.707106781187
                   0.577350269190  -0.577350269190   0.577350269190
0,   67 5574.211619006555 8021.093231714783 3678.994670022795    2    0
         0,   66   0.000000000000   0.707106781187   0.707106781187
                   0.577350269190  -0.577350269190   0.577350269190
         0,   68  -0.000000000000  -0.707106781187  -0.707106781187
                   0.577350269190  -0.577350269190   0.577350269190
0,   68 5663.936807755647 7878.361068518168 3446.537318077089    2    0
         0,   67   0.000000000000   0.707106781187   0.707106781187
                   0.577350269190  -0.577350269190   0.577350269190
         0,   69  -0.000000000000  -0.707106781187  -0.707106781187
                   0.577350269190  -0.577350269190   0.577350269190
0,   69 5806.668970952262 7788.635879769077 3214.079966131383    2    0
         0,   68   0.000000000000   0.707106781187   0.707106781187
                   0.577350269190  -0.577350269190   0.577350269190
         0,   70  -0.000000000000  -0.707106781187  -0.707106781187
                   0.577350269190  -0.577350269190   0.577350269190
0,   70 5992.681147550600 7758.032288802872 2997.464198566840    2    0
         0,   69   0.000000000000   0.707106781187   0.707106781187
                   0.577350269190  -0.577350269190   0.577350269190
         0,   71  -0.000000000000  -0.707106781187  -0.707106781187
                   0.577350269190  -0.577350269190   0.577350269190
0,   71 6209.296915115144 7788.635879769076 2811.452021968501    2    0
         0,   70   0.000000000000   0.707106781187   0.707106781187
                   0.577350269190  -0.577350269190   0.577350269190
         0,   48  -0.000000000000  -0.707106781187  -0.707106781187
                   0.577350269190  -0.577350269190   0.577350269190
0,   72 7319.979984579566 8917.866497233941 8712.647751898228    2    0
         0,   73   0.707106781187   0.000000000000  -0.707106781187
                   0.577350269190  -0.577350269190   0.577350269190
         0,   95  -0.707106781187  -0.000000000000   0.707106781187
                   0.577350269190  -0.577350269190   0.577350269190
0,   73 7409.705173328658 9150.323849179647 8855.379915094843    2    0
         0,   72  -0.707106781187  -0.000000000000   0.707106781187
                   0.577350269190  -0.577350269190   0.577350269190
         0,   74   0.707106781187   0.000000000000  -0.707106781187
                   0.577350269190  -0.577350269190   0.577350269190
0,   74 7440.308764294862 9366.939616744190 9041.392091693182    2    0
         0,   73  -0.707106781187  -0.000000000000   0.707106781187
                   0.577350269190  -0.577350269190   0.577350269190
         0,   75   0.707106781187   0.000000000000  -0.707106781187
                   0.577350269190  -0.577350269190   0.577350269190
0,   75 7409.705173328658 9552.951793342530 9258.007859257725    2    0
         0,   74  -0.707106781187  -0.000000000000   0.707106781187
                   0.577350269190  -0.577350269190   0.577350269190
         0,   76   0.707106781187   0.000000000000  -0.707106781187
                   0.577350269190  -0.577350269190   0.577350269190
0,   76 7319.979984579566 9695.683956539144 9490.465211203431    2    0
         0,   75  -0.707106781187  -0.000000000000   0.707106781187
                   0.577350269190  -0.577350269190   0.577350269190
         0,   77   0.707106781187   0.000000000000  -0.707106781187
                   0.577350269190  -0.577350269190   0.577350269190
0,   77 7177.247821382952 9785.409145288235 9722.922563149137    2    0
         0,   76  -0.707106781187  -0.000000000000   0.707106781187
                   0.577350269190  -0.577350269190   0.577350269190
         0,   78   0.707106781187   0.000000000000  -0.707106781187
                   0.577350269190  -0.577350269190   0.577350269190
0,   78 6991.235644784613 9816.012736254441 9939.538330713680    2    0
         0,   77  -0.707106781187  -0.000000000000   0.707106781187
                   0.577350269190  -0.577350269190   0.577350269190
         0,   79   0.707106781187   0.000000000000  -0.707106781187
                   0.577350269190  -0.577350269190   0.577350269190
0,   79 6774.619877220070 9785.409145288235 10125.550507312018    2    0
         0,   78  -0.707106781187  -0.000000000000   0.707106781187
                   0.577350269190  -0.577350269190   0.577350269190
         0,   80   0.707106781187   0.000000000000  -0.707106781187
                   0.577350269190  -0.577350269190   0.577350269190
0,   80 6542.162525274363 9695.683956539144 10268.282670508634    2    0
         0,   79  -0.707106781187  -0.000000000000   0.707106781187
                   0.577350269190  -0.577350269190   0.577350269190
         0,   81   0.707106781187   0.000000000000  -0.707106781187
                   0.577350269190  -0.577350269190   0.577350269190
0,   81 6309.705173328657 9552.951793342530 10358.007859257725    2    0
         0,   80  -0.707106781187  -0.000000000000   0.707106781187
                   0.577350269190  -0.577350269190   0.577350269190
         0,   82   0.707106781187   0.000000000000  -0.707106781187
                   0.577350269190  -0.577350269190   0.577350269190
0,   82 6093.089405764114 9366.939616744190 10388.611450223929    2    0
         0,   81  -0.707106781187  -0.000000000000   0.707106781187
                   0.577350269190  -0.577350269190   0.577350269190
         0,   83   0.707106781187   0.000000000000  -0.707106781187
                   0.577350269190  -0.577350269190   0.577350269190
0,   83 5907.077229165775 9150.323849179647 10358.007859257725    2    0
         0,   82  -0.707106781187  -0.000000000000   0.707106781187
                   0.577350269190  -0.577350269190   0.577350269190
         0,   84   0.707106781187   0.000000000000  -0.707106781187
                   0.577350269190  -0.577350269190   0.577350269190
0,   84 5764.345065969161 8917.866497233941 10268.282670508634    2    0
         0,   83  -0.707106781187  -0.000000000000   0.707106781187
                   0.577350269190  -0.577350269190   0.577350269190
         0,   85   0.707106781187   0.000000000000  -0.707106781187
                   0.577350269190  -0.577350269190   0.577350269190
0,   85 5674.619877220069 8685.409145288235 10125.550507312018    2    0
         0,   84  -0.707106781187  -0.000000000000   0.707106781187
                   0.577350269190  -0.577350269190   0.577350269190
         0,   86   0.707106781187   0.000000000000  -0.707106781187
                   0.577350269190  -0.577350269190   0.577350269190
0,   86 5644.016286253865 8468.793377723692 9939.538330713680    2    0
         0,   85  -0.707106781187  -0.000000000000   0.707106781187
                   0.577350269190  -0.577350269190   0.577350269190
         0,   87   0.707106781187   0.000000000000  -0.707106781187
                   0.577350269190  -0.577350269190   0.577350269190
0,   87 5674.619877220069 8282.781201125354 9722.922563149137    2    0
         0,   86  -0.707106781187  -0.000000000000   0.707106781187
                   0.577350269190  -0.577350269190   0.577350269190
         0,   88   0.707106781187   0.000000000000  -0.707106781187
                   0.577350269190  -0.577350269190   0.577350269190
0,   88 5764.345065969161 8140.049037928739 9490.465211203431    2    0
         0,   87  -0.707106781187  -0.000000000000   0.707106781187
                   0.577350269190  -0.577350269190   0.577350269190
         0,   89   0.707106781187   0.000000000000  -0.707106781187
                   0.577350269190  -0.577350269190   0.577350269190
0,   89 5907.077229165775 8050.323849179646 9258.007859257725    2    0
         0,   88  -0.707106781187  -0.000000000000   0.707106781187
                   0.577350269190  -0.577350269190   0.577350269190
         0,   90   0.707106781187   0.000000000000  -0.707106781187
                   0.577350269190  -0.577350269190   0.577350269190
0,   90 6093.089405764114 8019.720258213442 9041.392091693182    2    0
         0,   89  -0.707106781187  -0.000000000000   0.707106781187
                   0.577350269190  -0.577350269190   0.577350269190
         0,   91   0.707106781187   0.000000000000  -0.707106781187
                   0.577350269190  -0.577350269190   0.577350269190
0,   91 6309.705173328657 8050.323849179646 8855.379915094843    2    0
         0,   90  -0.707106781187  -0.000000000000   0.707106781187
                   0.577350269190  -0.577350269190   0.577350269190
         0,   92   0.707106781187   0.000000000000  -0.707106781187
                   0.577350269190  -0.577350269190   0.577350269190
0,   92 6542.162525274363 8140.049037928738 8712.647751898228    2    0
         0,   91  -0.707106781187  -0.000000000000   0.707106781187
                   0.577350269190  -0.577350269190   0.577350269190
         0,   93   0.707106781187   0.000000000000  -0.707106781187
                   0.577350269190  -0.577350269190   0.577350269190
0,   93 6774.619877220069 8282.781201125352 8622.922563149137    2    0
         0,   92  -0.707106781187  -0.000000000000   0.707106781187
                   0.577350269190  -0.577350269190   0.577350269190
         0,   94   0.707106781187   0.000000000000  -0.707106781187
                   0.577350269190  -0.577350269190   0.577350269190
0,   94 6991.235644784612 8468.793377723692 8592.318972182933    2    0
         0,   93  -0.707106781187  -0.000000000000   0.707106781187
                   0.577350269190  -0.577350269190   0.577350269190
         0,   95   0.707106781187   0.000000000000  -0.707106781187
                   0.577350269190  -0.577350269190   0.577350269190
0,   95 7177.247821382951 8685.409145288235 8622.922563149137    2    0
         0,   94  -0.707106781187  -0.000000000000   0.707106781187
                   0.577350269190  -0.577350269190   0.577350269190
         0,   72   0.707106781187   0.000000000000  -0.707106781187
                   0.577350269190  -0.577350269190   0.577350269190
0,   96 5774.390613889113 3980.357254509535 5532.387920428798    2    0
         0,   97  -0.707106781187  -0.000000000000  -0.707106781187
                  -0.577350269190   0.577350269190   0.577350269190
         0,  119   0.707106781187   0.000000000000   0.707106781187
                  -0.577350269190   0.577350269190   0.577350269190
0,   97 5684.665425140020 3747.899902563829 5675.120083625412    2    0
         0,   96   0.707106781187   0.000000000000   0.707106781187
                  -0.577350269190   0.577350269190   0.577350269190
         0,   98  -0.707106781187  -0.000000000000  -0.707106781187
                  -0.577350269190   0.577350269190   0.577350269190
0,   98 5654.061834173816 3531.284134999285 5861.132260223751    2    0
         0,   97   0.707106781187   0.000000000000   0.707106781187
                  -0.577350269190   0.577350269190   0.577350269190
         0,   99  -0.707106781187  -0.000000000000  -0.707106781187
                  -0.577350269190   0.577350269190   0.577350269190
0,   99 5684.665425140020 3345.271958400946 6077.748027788294    2    0
         0,   98   0.707106781187   0.000000000000   0.707106781187
                  -0.577350269190   0.577350269190   0.577350269190
         0,  100  -0.707106781187  -0.000000000000  -0.707106781187
                  -0.577350269190   0.577350269190   0.577350269190
0,  100 5774.390613889113 3202.539795204333 6310.205379734000    2    0
         0,   99   0.707106781187   0.000000000000   0.707106781187
                  -0.577350269190   0.577350269190   0.577350269190
         0,  101  -0.707106781187  -0.000000000000  -0.707106781187
                  -0.577350269190   0.577350269190   0.577350269190
0,  101 5917.122777085727 3112.814606455241 6542.662731679707    2    0
         0,  100   0.707106781187   0.000000000000   0.707106781187
                  -0.577350269190   0.577350269190   0.577350269190
         0,  102  -0.707106781187  -0.000000000000  -0.707106781187
                  -0.577350269190   0.577350269190   0.577350269190
0,  102 6103.134953684065 3082.211015489036 6759.278499244249    2    0
         0,  101   0.707106781187   0.000000000000   0.707106781187
                  -0.577350269190   0.577350269190   0.577350269190
         0,  103  -0.707106781187  -0.000000000000  -0.707106781187
                  -0.577350269190   0.577350269190   0.577350269190
0,  103 6319.750721248609 3112.814606455241 6945.290675842589    2    0
         0,  102   0.707106781187   0.000000000000   0.707106781187
                  -0.577350269190   0.577350269190   0.577350269190
         0,  104  -0.707106781187  -0.000000000000  -0.707106781187
                  -0.577350269190   0.577350269190   0.577350269190
0,  104 6552.208073194315 3202.539795204332 7088.022839039202    2    0
         0,  103   0.707106781187   0.000000000000   0.707106781187
                  -0.577350269190   0.577350269190   0.577350269190
         0,  105  -0.707106781187  -0.000000000000  -0.707106781187
                  -0.577350269190   0.577350269190   0.577350269190
0,  105 6784.665425140021 3345.271958400946 7177.748027788295    2    0
         0,  104   0.707106781187   0.000000000000   0.707106781187
                  -0.577350269190   0.577350269190   0.577350269190
         0,  106  -0.707106781187  -0.000000000000  -0.707106781187
                  -0.577350269190   0.577350269190   0.577350269190
0,  106 7001.281192704564 3531.284134999285 7208.351618754499    2    0
         0,  105   0.707106781187   0.000000000000   0.707106781187
                  -0.577350269190   0.577350269190   0.577350269190
         0,  107  -0.707106781187  -0.000000000000  -0.707106781187
                  -0.577350269190   0.577350269190   0.577350269190
0,  107 7187.293369302904 3747.899902563829 7177.748027788295    2    0
         0,  106   0.707106781187   0.000000000000   0.707106781187
                  -0.577350269190   0.577350269190   0.577350269190
         0,  108  -0.707106781187  -0.000000000000  -0.707106781187
                  -0.577350269190   0.577350269190   0.577350269190
0,  108 7330.025532499518 3980.357254509535 7088.022839039203    2    0
         0,  107   0.707106781187   0.000000000000   0.707106781187
                  -0.577350269190   0.577350269190   0.577350269190
         0,  109  -0.707106781187  -0.000000000000  -0.707106781187
                  -0.577350269190   0.577350269190   0.577350269190
0,  109 7419.750721248610 4212.814606455241 6945.290675842589    2    0
         0,  108   0.707106781187   0.000000000000   0.707106781187
                  -0.577350269190   0.577350269190   0.577350269190
         0,  110  -0.707106781187  -0.000000000000  -0.707106781187
                  -0.577350269190   0.577350269190   0.577350269190
0,  110 7450.354312214814 4429.430374019784 6759.278499244250    2    0
         0,  109   0.707106781187   0.000000000000   0.707106781187
                  -0.577350269190   0.577350269190   0.577350269190
         0,  111  -0.707106781187  -0.000000000000  -0.707106781187
                  -0.577350269190   0.577350269190   0.577350269190
0,  111 7419.750721248610 4615.442550618123 6542.662731679707    2    0
         0,  110   0.707106781187   0.000000000000   0.707106781187
                  -0.577350269190   0.577350269190   0.577350269190
         0,  112  -0.707106781187  -0.000000000000  -0.707106781187
                  -0.577350269190   0.577350269190   0.577350269190
0,  112 7330.025532499518 4758.174713814737 6310.205379734001    2    0
         0,  111   0.707106781187   0.000000000000   0.707106781187
                  -0.577350269190   0.577350269190   0.577350269190
         0,  113  -0.707106781187  -0.000000000000  -0.707106781187
                  -0.577350269190   0.577350269190   0.577350269190
0,  113 7187.293369302904 4847.899902563830 6077.748027788294    2    0
         0,  112   0.707106781187   0.000000000000   0.707106781187
                  -0.577350269190   0.577350269190   0.577350269190
         0,  114  -0.707106781187  -0.000000000000  -0.707106781187
                  -0.577350269190   0.577350269190   0.577350269190
0,  114 7001.281192704565 4878.503493530034 5861.132260223751    2    0
         0,  113   0.707106781187   0.000000000000   0.707106781187
                  -0.577350269190   0.577350269190   0.577350269190
         0,  115  -0.707106781187  -0.000000000000  -0.707106781187
                  -0.577350269190   0.577350269190   0.577350269190
0,  115 6784.665425140021 4847.899902563830 5675.120083625412    2    0
         0,  114   0.707106781187   0.000000000000   0.707106781187
                  -0.577350269190   0.577350269190   0.577350269190
         0,  116  -0.707106781187  -0.000000000000  -0.707106781187
                  -0.577350269190   0.577350269190   0.577350269190
0,  116 6552.208073194315 4758.174713814738 5532.387920428798    2    0
         0,  115   0.707106781187   0.000000000000   0.707106781187
                  -0.577350269190   0.577350269190   0.577350269190
         0,  117  -0.707106781187  -0.000000000000  -0.707106781187
                  -0.577350269190   0.577350269190   0.577350269190
0,  117 6319.750721248610 4615.442550618123 5442.662731679706    2    0
         0,  116   0.707106781187   0.000000000000   0.707106781187
                  -0.577350269190   0.577350269190   0.577350269190
         0,  118  -0.707106781187  -0.000000000000  -0.707106781187
                  -0.577350269190   0.577350269190   0.577350269190
0,  118 6103.134953684066 4429.430374019785 5412.059140713502    2    0
         0,  117   0.707106781187   0.000000000000   0.707106781187
                  -0.577350269190   0.577350269190   0.577350269190
         0,  119  -0.707106781187  -0.000000000000  -0.707106781187
                  -0.577350269190   0.577350269190   0.577350269190
0,  119 5917.122777085728 4212.814606455241 5442.662731679706    2    0
         0,  118   0.707106781187   0.000000000000   0.707106781187
                  -0.577350269190   0.577350269190   0.577350269190
         0,   96  -0.707106781187  -0.000000000000  -0.707106781187
                  -0.577350269190   0.577350269190   0.577350269190
0,  120 6408.943336192344 9528.774851321097 5446.293824848934    2    0
         0,  121   0.000000000000   0.707106781187  -0.707106781187
                   0.577350269190   0.577350269190   0.577350269190
         0,  143  -0.000000000000  -0.707106781187   0.707106781187
                   0.577350269190   0.577350269190   0.577350269190
0,  121 6176.485984246638 9618.500040070188 5589.025988045548    2    0
         0,  120  -0.000000000000  -0.707106781187   0.707106781187
                   0.577350269190   0.577350269190   0.577350269190
         0,  122   0.000000000000   0.707106781187  -0.707106781187
                   0.577350269190   0.577350269190   0.577350269190
0,  122 5959.870216682095 9649.103631036392 5775.038164643887    2    0
         0,  121  -0.000000000000  -0.707106781187   0.707106781187
                   0.577350269190   0.577350269190   0.577350269190
         0,  123   0.000000000000   0.707106781187  -0.707106781187
                   0.577350269190   0.577350269190   0.577350269190
0,  123 5773.858040083755 9618.500040070188 5991.653932208430    2    0
         0,  122  -0.000000000000  -0.707106781187   0.707106781187
                   0.577350269190   0.577350269190   0.577350269190
         0,  124   0.000000000000   0.707106781187  -0.707106781187
                   0.577350269190   0.577350269190   0.577350269190
0,  124 5631.125876887141 9528.774851321097 6224.111284154136    2    0
         0,  123  -0.000000000000  -0.707106781187   0.707106781187
                   0.577350269190   0.577350269190   0.577350269190
         0,  125   0.000000000000   0.707106781187  -0.707106781187
                   0.577350269190   0.577350269190   0.577350269190
0,  125 5541.400688138049 9386.042688124482 6456.568636099842    2    0
         0,  124  -0.000000000000  -0.707106781187   0.707106781187
                   0.577350269190   0.577350269190   0.577350269190
         0,  126   0.000000000000   0.707106781187  -0.707106781187
                   0.577350269190   0.577350269190   0.577350269190
0,  126 5510.797097171845 9200.030511526144 6673.184403664385    2    0
         0,  125  -0.000000000000  -0.707106781187   0.707106781187
                   0.577350269190   0.577350269190   0.577350269190
         0,  127   0.000000000000   0.707106781187  -0.707106781187
                   0.577350269190   0.577350269190   0.577350269190
0,  127 5541.400688138049 8983.414743961601 6859.196580262725    2    0
         0,  126  -0.000000000000  -0.707106781187   0.707106781187
                   0.577350269190   0.577350269190   0.577350269190
         0,  128   0.000000000000   0.707106781187  -0.707106781187
                   0.577350269190   0.577350269190   0.577350269190
0,  128 5631.125876887141 8750.957392015895 7001.928743459339    2    0
         0,  127  -0.000000000000  -0.707106781187   0.707106781187
                   0.577350269190   0.577350269190   0.577350269190
         0,  129   0.000000000000   0.707106781187  -0.707106781187
                   0.577350269190   0.577350269190   0.577350269190
0,  129 5773.858040083755 8518.500040070188 7091.653932208430    2    0
         0,  128  -0.000000000000  -0.707106781187   0.707106781187
                   0.577350269190   0.577350269190   0.577350269190
         0,  130   0.000000000000   0.707106781187  -0.707106781187
                   0.577350269190   0.577350269190   0.577350269190
0,  130 5959.870216682095 8301.884272505646 7122.257523174635    2    0
         0,  129  -0.000000000000  -0.707106781187   0.707106781187
                   0.577350269190   0.577350269190   0.577350269190
         0,  131   0.000000000000   0.707106781187  -0.707106781187
                   0.577350269190   0.577350269190   0.577350269190
0,  131 6176.485984246638 8115.872095907306 7091.653932208431    2    0
         0,  130  -0.000000000000  -0.707106781187   0.707106781187
                   0.577350269190   0.577350269190   0.577350269190
         0,  132   0.000000000000   0.707106781187  -0.707106781187
                   0.577350269190   0.577350269190   0.577350269190
0,  132 6408.943336192344 7973.139932710692 7001.928743459339    2    0
         0,  131  -0.000000000000  -0.707106781187   0.707106781187
                   0.577350269190   0.577350269190   0.577350269190
         0,  133   0.000000000000   0.707106781187  -0.707106781187
                   0.577350269190   0.577350269190   0.577350269190
0,  133 6641.400688138050 7883.414743961600 6859.196580262725    2    0
         0,  132  -0.000000000000  -0.707106781187   0.707106781187
                   0.577350269190   0.577350269190   0.577350269190
         0,  134   0.000000000000   0.707106781187  -0.707106781187
                   0.577350269190   0.577350269190   0.577350269190
0,  134 6858.016455702593 7852.811152995396 6673.184403664386    2    0
         0,  133  -0.000000000000  -0.707106781187   0.707106781187
                   0.577350269190   0.577350269190   0.577350269190
         0,  135   0.000000000000   0.707106781187  -0.707106781187
                   0.577350269190   0.577350269190   0.577350269190
0,  135 7044.028632300932 7883.414743961600 6456.568636099842    2    0
         0,  134  -0.000000000000  -0.707106781187   0.707106781187
                   0.577350269190   0.577350269190   0.577350269190
         0,  136   0.000000000000   0.707106781187  -0.707106781187
                   0.577350269190   0.577350269190   0.577350269190
0,  136 7186.760795497546 7973.139932710692 6224.111284154137    2    0
         0,  135  -0.000000000000  -0.707106781187   0.707106781187
                   0.577350269190   0.577350269190   0.577350269190
         0,  137   0.000000000000   0.707106781187  -0.707106781187
                   0.577350269190   0.577350269190   0.577350269190
0,  137 7276.485984246639 8115.872095907306 5991.653932208430    2    0
         0,  136  -0.000000000000  -0.707106781187   0.707106781187
                   0.577350269190   0.577350269190   0.577350269190
         0,  138   0.000000000000   0.707106781187  -0.707106781187
                   0.577350269190   0.577350269190   0.577350269190
0,  138 7307.089575212843 8301.884272505646 5775.038164643887    2    0
         0,  137  -0.000000000000  -0.707106781187   0.707106781187
                   0.577350269190   0.577350269190   0.577350269190
         0,  139   0.000000000000   0.707106781187  -0.707106781187
                   0.577350269190   0.577350269190   0.577350269190
0,  139 7276.485984246639 8518.500040070188 5589.025988045548    2    0
         0,  138  -0.000000000000  -0.707106781187   0.707106781187
                   0.577350269190   0.577350269190   0.577350269190
         0,  140   0.000000000000   0.707106781187  -0.707106781187
                   0.577350269190   0.577350269190   0.577350269190
0,  140 7186.760795497546 8750.957392015895 5446.293824848934    2    0
         0,  139  -0.000000000000  -0.707106781187   0.707106781187
                   0.577350269190   0.577350269190   0.577350269190
         0,  141   0.000000000000   0.707106781187  -0.707106781187
                   0.577350269190   0.577350269190   0.577350269190
0,  141 7044.028632300932 8983.414743961601 5356.568636099842    2    0
         0,  140  -0.000000000000  -0.707106781187   0.707106781187
                   0.577350269190   0.577350269190   0.577350269190
         0,  142   0.000000000000   0.707106781187  -0.707106781187
                   0.577350269190   0.577350269190   0.577350269190
0,  142 6858.016455702594 9200.030511526144 5325.965045133637    2    0
         0,  141  -0.000000000000  -0.707106781187   0.707106781187
                   0.577350269190   0.577350269190   0.577350269190
         0,  143   0.000000000000   0.707106781187  -0.707106781187
                   0.577350269190   0.577350269190   0.577350269190
0,  143 6641.400688138050 9386.042688124482 5356.568636099842    2    0
         0,  142  -0.000000000000  -0.707106781187   0.707106781187
                   0.577350269190   0.577350269190   0.577350269190
         0,  120   0.000000000000   0.707106781187  -0.707106781187
                   0.577350269190   0.577350269190   0.577350269190
