dataFileVersion = 4
numFileSegments = 1
minCoordinates = [
 0.000000
 0.000000
 0.000000
 ]
maxCoordinates = [
 6400.000000
 6400.000000
 6400.000000
 ]
nodeCount = 17
dataDecompType = 2
dataDecompGeometry = [
 1
 1
 1
 ]

#
#  END OF DATA FILE PARAMETERS
#

domainDecomposition = 
# Dom_ID  Minimum XYZ bounds   Maximum XYZ bounds
  0  0.000000  0.000000  0.000000  6400.000000  6400.000000  6400.000000
nodalData =
# Primary lines: node_tag, x, y, z, num_arms, constraint
# Secondary lines: arm_tag, burgx, burgy, burgz, nx, ny, nz
0,    0 2661.961310415945 3265.729451480092 2660.749541145432    2    0
         0,    1  -0.707106781187  -0.000000000000  -0.707106781187
                  -0.577350269190   0.577350269190   0.577350269190
         0,   16   0.707106781187   0.000000000000   0.707106781187
                  -0.577350269190   0.577350269190   0.577350269190
0,    1 2582.179751889039 3029.767383215736 2816.930050882882    2    0
         0,    0   0.707106781187   0.000000000000   0.707106781187
                  -0.577350269190   0.577350269190   0.577350269190
         0,    2  -0.707106781187  -0.000000000000  -0.707106781187
                  -0.577350269190   0.577350269190   0.577350269190
0,    2 2589.572086136611 2825.673299781438 3028.416468564753    2    0
         0,    1   0.707106781187   0.000000000000   0.707106781187
                  -0.577350269190   0.577350269190   0.577350269190
         0,    3  -0.707106781187  -0.000000000000  -0.707106781187
                  -0.577350269190   0.577350269190   0.577350269190
0,    3 2683.139937456190 2681.011238069358 3266.646381596412    2    0
         0,    2   0.707106781187   0.000000000000   0.707106781187
                  -0.577350269190   0.577350269190   0.577350269190
         0,    4  -0.707106781187  -0.000000000000  -0.707106781187
                  -0.577350269190   0.577350269190   0.577350269190
0,    4 2850.246449049704 2615.318611113868 3499.445520145416    2    0
         0,    3   0.707106781187   0.000000000000   0.707106781187
                  -0.577350269190   0.577350269190   0.577350269190
         0,    5  -0.707106781187  -0.000000000000  -0.707106781187
                  -0.577350269190   0.577350269190   0.577350269190
0,    5 3068.322960557301 2637.467572200718 3695.373070566163    2    0
         0,    4   0.707106781187   0.000000000000   0.707106781187
                  -0.577350269190   0.577350269190   0.577350269190
         0,    6  -0.707106781187  -0.000000000000  -0.707106781187
                  -0.577350269190   0.577350269190   0.577350269190
0,    6 3307.917030696216 2744.466781403501 3827.967931502295    2    0
         0,    5   0.707106781187   0.000000000000   0.707106781187
                  -0.577350269190   0.577350269190   0.577350269190
         0,    7  -0.707106781187  -0.000000000000  -0.707106781187
                  -0.577350269190   0.577350269190   0.577350269190
0,    7 3536.670152657614 2921.865402616293 3879.322432250901    2    0
         0,    6   0.707106781187   0.000000000000   0.707106781187
                  -0.577350269190   0.577350269190   0.577350269190
         0,    8  -0.707106781187  -0.000000000000  -0.707106781187
                  -0.577350269190   0.577350269190   0.577350269190
0,    8 3723.687949755802 3145.704769044614 3842.500862920767    2    0
         0,    7   0.707106781187   0.000000000000   0.707106781187
                  -0.577350269190   0.577350269190   0.577350269190
         0,    9  -0.707106781187  -0.000000000000  -0.707106781187
                  -0.577350269190   0.577350269190   0.577350269190
0,    9 3843.712632191280 3385.754133915570 3722.476180485289    2    0
         0,    8   0.707106781187   0.000000000000   0.707106781187
                  -0.577350269190   0.577350269190   0.577350269190
         0,   10  -0.707106781187  -0.000000000000  -0.707106781187
                  -0.577350269190   0.577350269190   0.577350269190
0,   10 3880.534201521414 3609.593500343892 3535.458383387102    2    0
         0,    9   0.707106781187   0.000000000000   0.707106781187
                  -0.577350269190   0.577350269190   0.577350269190
         0,   11  -0.707106781187  -0.000000000000  -0.707106781187
                  -0.577350269190   0.577350269190   0.577350269190
0,   11 3829.179700772809 3786.992121556684 3306.705261425705    2    0
         0,   10   0.707106781187   0.000000000000   0.707106781187
                  -0.577350269190   0.577350269190   0.577350269190
         0,   12  -0.707106781187  -0.000000000000  -0.707106781187
                  -0.577350269190   0.577350269190   0.577350269190
0,   12 3696.584839836676 3893.991330759467 3067.111191286789    2    0
         0,   11   0.707106781187   0.000000000000   0.707106781187
                  -0.577350269190   0.577350269190   0.577350269190
         0,   13  -0.707106781187  -0.000000000000  -0.707106781187
                  -0.577350269190   0.577350269190   0.577350269190
0,   13 3500.657289415929 3916.140291846317 2849.034679779191    2    0
         0,   12   0.707106781187   0.000000000000   0.707106781187
                  -0.577350269190   0.577350269190   0.577350269190
         0,   14  -0.707106781187  -0.000000000000  -0.707106781187
                  -0.577350269190   0.577350269190   0.577350269190
0,   14 3267.858150866925 3850.447664890827 2681.928168185678    2    0
         0,   13   0.707106781187   0.000000000000   0.707106781187
                  -0.577350269190   0.577350269190   0.577350269190
         0,   15  -0.707106781187  -0.000000000000  -0.707106781187
                  -0.577350269190   0.577350269190   0.577350269190
0,   15 3029.628237835266 3705.785603178747 2588.360316866098    2    0
         0,   14   0.707106781187   0.000000000000   0.707106781187
                  -0.577350269190   0.577350269190   0.577350269190
         0,   16  -0.707106781187  -0.000000000000  -0.707106781187
                  -0.577350269190   0.577350269190   0.577350269190
0,   16 2818.141820153395 3501.691519744449 2580.967982618526    2    0
         0,   15   0.707106781187   0.000000000000   0.707106781187
                  -0.577350269190   0.577350269190   0.577350269190
         0,    0  -0.707106781187  -0.000000000000  -0.707106781187
                  -0.577350269190   0.577350269190   0.577350269190
