dataFileVersion = 4
numFileSegments = 1
minCoordinates = [
 0.000000
 0.000000
 0.000000
 ]
maxCoordinates = [
 6400.000000
 6400.000000
 6400.000000
 ]
nodeCount = 51
dataDecompType = 2
dataDecompGeometry = [
 1
 1
 1
 ]

#
#  END OF DATA FILE PARAMETERS
#

domainDecomposition = 
# Dom_ID  Minimum XYZ bounds   Maximum XYZ bounds
  0  0.000000  0.000000  0.000000  6400.000000  6400.000000  6400.000000
nodalData =
# Primary lines: node_tag, x, y, z, num_arms, constraint
# Secondary lines: arm_tag, burgx, burgy, burgz, nx, ny, nz
0,    0 3774.461936894983 3155.788214357101 3851.532146623220    2    0
         0,    1   0.707106781187   0.000000000000  -0.707106781187
                   0.577350269190   0.577350269190   0.577350269190
         0,   16  -0.707106781187  -0.000000000000   0.707106781187
                   0.577350269190   0.577350269190   0.577350269190
0,    1 3618.281427157533 3391.750282621458 3771.750588096314    2    0
         0,    0  -0.707106781187  -0.000000000000   0.707106781187
                   0.577350269190   0.577350269190   0.577350269190
         0,    2   0.707106781187   0.000000000000  -0.707106781187
                   0.577350269190   0.577350269190   0.577350269190
0,    2 3406.795009475662 3595.844366055755 3779.142922343886    2    0
         0,    1  -0.707106781187  -0.000000000000   0.707106781187
                   0.577350269190   0.577350269190   0.577350269190
         0,    3   0.707106781187   0.000000000000  -0.707106781187
                   0.577350269190   0.577350269190   0.577350269190
0,    3 3168.565096444003 3740.506427767836 3872.710773663465    2    0
         0,    2  -0.707106781187  -0.000000000000   0.707106781187
                   0.577350269190   0.577350269190   0.577350269190
         0,    4   0.707106781187   0.000000000000  -0.707106781187
                   0.577350269190   0.577350269190   0.577350269190
0,    4 2935.765957894999 3806.199054723326 4039.817285256978    2    0
         0,    3  -0.707106781187  -0.000000000000   0.707106781187
                   0.577350269190   0.577350269190   0.577350269190
         0,    5   0.707106781187   0.000000000000  -0.707106781187
                   0.577350269190   0.577350269190   0.577350269190
0,    5 2739.838407474252 3784.050093636476 4257.893796764576    2    0
         0,    4  -0.707106781187  -0.000000000000   0.707106781187
                   0.577350269190   0.577350269190   0.577350269190
         0,    6   0.707106781187   0.000000000000  -0.707106781187
                   0.577350269190   0.577350269190   0.577350269190
0,    6 2607.243546538120 3677.050884433693 4497.487866903492    2    0
         0,    5  -0.707106781187  -0.000000000000   0.707106781187
                   0.577350269190   0.577350269190   0.577350269190
         0,    7   0.707106781187   0.000000000000  -0.707106781187
                   0.577350269190   0.577350269190   0.577350269190
0,    7 2555.889045789514 3499.652263220901 4726.240988864889    2    0
         0,    6  -0.707106781187  -0.000000000000   0.707106781187
                   0.577350269190   0.577350269190   0.577350269190
         0,    8   0.707106781187   0.000000000000  -0.707106781187
                   0.577350269190   0.577350269190   0.577350269190
0,    8 2592.710615119648 3275.812896792580 4913.258785963077    2    0
         0,    7  -0.707106781187  -0.000000000000   0.707106781187
                   0.577350269190   0.577350269190   0.577350269190
         0,    9   0.707106781187   0.000000000000  -0.707106781187
                   0.577350269190   0.577350269190   0.577350269190
0,    9 2712.735297555126 3035.763531921623 5033.283468398555    2    0
         0,    8  -0.707106781187  -0.000000000000   0.707106781187
                   0.577350269190   0.577350269190   0.577350269190
         0,   10   0.707106781187   0.000000000000  -0.707106781187
                   0.577350269190   0.577350269190   0.577350269190
0,   10 2899.753094653313 2811.924165493302 5070.105037728688    2    0
         0,    9  -0.707106781187  -0.000000000000   0.707106781187
                   0.577350269190   0.577350269190   0.577350269190
         0,   11   0.707106781187   0.000000000000  -0.707106781187
                   0.577350269190   0.577350269190   0.577350269190
0,   11 3128.506216614710 2634.525544280510 5018.750536980084    2    0
         0,   10  -0.707106781187  -0.000000000000   0.707106781187
                   0.577350269190   0.577350269190   0.577350269190
         0,   12   0.707106781187   0.000000000000  -0.707106781187
                   0.577350269190   0.577350269190   0.577350269190
0,   12 3368.100286753626 2527.526335077727 4886.155676043951    2    0
         0,   11  -0.707106781187  -0.000000000000   0.707106781187
                   0.577350269190   0.577350269190   0.577350269190
         0,   13   0.707106781187   0.000000000000  -0.707106781187
                   0.577350269190   0.577350269190   0.577350269190
0,   13 3586.176798261224 2505.377373990877 4690.228125623204    2    0
         0,   12  -0.707106781187  -0.000000000000   0.707106781187
                   0.577350269190   0.577350269190   0.577350269190
         0,   14   0.707106781187   0.000000000000  -0.707106781187
                   0.577350269190   0.577350269190   0.577350269190
0,   14 3753.283309854737 2571.070000946367 4457.428987074200    2    0
         0,   13  -0.707106781187  -0.000000000000   0.707106781187
                   0.577350269190   0.577350269190   0.577350269190
         0,   15   0.707106781187   0.000000000000  -0.707106781187
                   0.577350269190   0.577350269190   0.577350269190
0,   15 3846.851161174316 2715.732062658447 4219.199074042541    2    0
         0,   14  -0.707106781187  -0.000000000000   0.707106781187
                   0.577350269190   0.577350269190   0.577350269190
         0,   16   0.707106781187   0.000000000000  -0.707106781187
                   0.577350269190   0.577350269190   0.577350269190
0,   16 3854.243495421889 2919.826146092745 4007.712656360670    2    0
         0,   15  -0.707106781187  -0.000000000000   0.707106781187
                   0.577350269190   0.577350269190   0.577350269190
         0,    0   0.707106781187   0.000000000000  -0.707106781187
                   0.577350269190   0.577350269190   0.577350269190
0,   17 3259.899661658767 3896.468068385924 1376.136077118340    2    0
         0,   18   0.000000000000   0.707106781187  -0.707106781187
                   0.577350269190   0.577350269190   0.577350269190
         0,   33  -0.000000000000  -0.707106781187   0.707106781187
                   0.577350269190   0.577350269190   0.577350269190
0,   18 3023.937593394411 3976.249626912831 1532.316586855789    2    0
         0,   17  -0.000000000000  -0.707106781187   0.707106781187
                   0.577350269190   0.577350269190   0.577350269190
         0,   19   0.000000000000   0.707106781187  -0.707106781187
                   0.577350269190   0.577350269190   0.577350269190
0,   19 2819.843509960113 3968.857292665258 1743.803004537660    2    0
         0,   18  -0.000000000000  -0.707106781187   0.707106781187
                   0.577350269190   0.577350269190   0.577350269190
         0,   20   0.000000000000   0.707106781187  -0.707106781187
                   0.577350269190   0.577350269190   0.577350269190
0,   20 2675.181448248032 3875.289441345679 1982.032917569319    2    0
         0,   19  -0.000000000000  -0.707106781187   0.707106781187
                   0.577350269190   0.577350269190   0.577350269190
         0,   21   0.000000000000   0.707106781187  -0.707106781187
                   0.577350269190   0.577350269190   0.577350269190
0,   21 2609.488821292542 3708.182929752166 2214.832056118323    2    0
         0,   20  -0.000000000000  -0.707106781187   0.707106781187
                   0.577350269190   0.577350269190   0.577350269190
         0,   22   0.000000000000   0.707106781187  -0.707106781187
                   0.577350269190   0.577350269190   0.577350269190
0,   22 2631.637782379393 3490.106418244568 2410.759606539070    2    0
         0,   21  -0.000000000000  -0.707106781187   0.707106781187
                   0.577350269190   0.577350269190   0.577350269190
         0,   23   0.000000000000   0.707106781187  -0.707106781187
                   0.577350269190   0.577350269190   0.577350269190
0,   23 2738.636991582175 3250.512348105653 2543.354467475203    2    0
         0,   22  -0.000000000000  -0.707106781187   0.707106781187
                   0.577350269190   0.577350269190   0.577350269190
         0,   24   0.000000000000   0.707106781187  -0.707106781187
                   0.577350269190   0.577350269190   0.577350269190
0,   24 2916.035612794968 3021.759226144255 2594.708968223808    2    0
         0,   23  -0.000000000000  -0.707106781187   0.707106781187
                   0.577350269190   0.577350269190   0.577350269190
         0,   25   0.000000000000   0.707106781187  -0.707106781187
                   0.577350269190   0.577350269190   0.577350269190
0,   25 3139.874979223288 2834.741429046067 2557.887398893675    2    0
         0,   24  -0.000000000000  -0.707106781187   0.707106781187
                   0.577350269190   0.577350269190   0.577350269190
         0,   26   0.000000000000   0.707106781187  -0.707106781187
                   0.577350269190   0.577350269190   0.577350269190
0,   26 3379.924344094245 2714.716746610589 2437.862716458196    2    0
         0,   25  -0.000000000000  -0.707106781187   0.707106781187
                   0.577350269190   0.577350269190   0.577350269190
         0,   27   0.000000000000   0.707106781187  -0.707106781187
                   0.577350269190   0.577350269190   0.577350269190
0,   27 3603.763710522566 2677.895177280456 2250.844919360009    2    0
         0,   26  -0.000000000000  -0.707106781187   0.707106781187
                   0.577350269190   0.577350269190   0.577350269190
         0,   28   0.000000000000   0.707106781187  -0.707106781187
                   0.577350269190   0.577350269190   0.577350269190
0,   28 3781.162331735358 2729.249678029061 2022.091797398612    2    0
         0,   27  -0.000000000000  -0.707106781187   0.707106781187
                   0.577350269190   0.577350269190   0.577350269190
         0,   29   0.000000000000   0.707106781187  -0.707106781187
                   0.577350269190   0.577350269190   0.577350269190
0,   29 3888.161540938141 2861.844538965193 1782.497727259696    2    0
         0,   28  -0.000000000000  -0.707106781187   0.707106781187
                   0.577350269190   0.577350269190   0.577350269190
         0,   30   0.000000000000   0.707106781187  -0.707106781187
                   0.577350269190   0.577350269190   0.577350269190
0,   30 3910.310502024992 3057.772089385941 1564.421215752098    2    0
         0,   29  -0.000000000000  -0.707106781187   0.707106781187
                   0.577350269190   0.577350269190   0.577350269190
         0,   31   0.000000000000   0.707106781187  -0.707106781187
                   0.577350269190   0.577350269190   0.577350269190
0,   31 3844.617875069502 3290.571227934944 1397.314704158585    2    0
         0,   30  -0.000000000000  -0.707106781187   0.707106781187
                   0.577350269190   0.577350269190   0.577350269190
         0,   32   0.000000000000   0.707106781187  -0.707106781187
                   0.577350269190   0.577350269190   0.577350269190
0,   32 3699.955813357421 3528.801140966603 1303.746852839006    2    0
         0,   31  -0.000000000000  -0.707106781187   0.707106781187
                   0.577350269190   0.577350269190   0.577350269190
         0,   33   0.000000000000   0.707106781187  -0.707106781187
                   0.577350269190   0.577350269190   0.577350269190
0,   33 3495.861729923123 3740.287558648474 1296.354518591433    2    0
         0,   32  -0.000000000000  -0.707106781187   0.707106781187
                   0.577350269190   0.577350269190   0.577350269190
         0,   17   0.000000000000   0.707106781187  -0.707106781187
                   0.577350269190   0.577350269190   0.577350269190
0,   34 3101.333706877538 3689.024208514351 3893.686952069167    2    0
         0,   35   0.000000000000   0.707106781187   0.707106781187
                   0.577350269190   0.577350269190  -0.577350269190
         0,   50  -0.000000000000  -0.707106781187  -0.707106781187
                   0.577350269190   0.577350269190  -0.577350269190
0,   35 3337.295775141894 3532.843698776901 3973.468510596073    2    0
         0,   34  -0.000000000000  -0.707106781187  -0.707106781187
                   0.577350269190   0.577350269190  -0.577350269190
         0,   36   0.000000000000   0.707106781187   0.707106781187
                   0.577350269190   0.577350269190  -0.577350269190
0,   36 3541.389858576192 3321.357281095030 3966.076176348501    2    0
         0,   35  -0.000000000000  -0.707106781187  -0.707106781187
                   0.577350269190   0.577350269190  -0.577350269190
         0,   37   0.000000000000   0.707106781187   0.707106781187
                   0.577350269190   0.577350269190  -0.577350269190
0,   37 3686.051920288273 3083.127368063371 3872.508325028922    2    0
         0,   36  -0.000000000000  -0.707106781187  -0.707106781187
                   0.577350269190   0.577350269190  -0.577350269190
         0,   38   0.000000000000   0.707106781187   0.707106781187
                   0.577350269190   0.577350269190  -0.577350269190
0,   38 3751.744547243763 2850.328229514367 3705.401813435409    2    0
         0,   37  -0.000000000000  -0.707106781187  -0.707106781187
                   0.577350269190   0.577350269190  -0.577350269190
         0,   39   0.000000000000   0.707106781187   0.707106781187
                   0.577350269190   0.577350269190  -0.577350269190
0,   39 3729.595586156912 2654.400679093621 3487.325301927811    2    0
         0,   38  -0.000000000000  -0.707106781187  -0.707106781187
                   0.577350269190   0.577350269190  -0.577350269190
         0,   40   0.000000000000   0.707106781187   0.707106781187
                   0.577350269190   0.577350269190  -0.577350269190
0,   40 3622.596376954130 2521.805818157488 3247.731231788896    2    0
         0,   39  -0.000000000000  -0.707106781187  -0.707106781187
                   0.577350269190   0.577350269190  -0.577350269190
         0,   41   0.000000000000   0.707106781187   0.707106781187
                   0.577350269190   0.577350269190  -0.577350269190
0,   41 3445.197755741337 2470.451317408882 3018.978109827498    2    0
         0,   40  -0.000000000000  -0.707106781187  -0.707106781187
                   0.577350269190   0.577350269190  -0.577350269190
         0,   42   0.000000000000   0.707106781187   0.707106781187
                   0.577350269190   0.577350269190  -0.577350269190
0,   42 3221.358389313017 2507.272886739016 2831.960312729310    2    0
         0,   41  -0.000000000000  -0.707106781187  -0.707106781187
                   0.577350269190   0.577350269190  -0.577350269190
         0,   43   0.000000000000   0.707106781187   0.707106781187
                   0.577350269190   0.577350269190  -0.577350269190
0,   43 2981.309024442060 2627.297569174494 2711.935630293832    2    0
         0,   42  -0.000000000000  -0.707106781187  -0.707106781187
                   0.577350269190   0.577350269190  -0.577350269190
         0,   44   0.000000000000   0.707106781187   0.707106781187
                   0.577350269190   0.577350269190  -0.577350269190
0,   44 2757.469658013739 2814.315366272682 2675.114060963699    2    0
         0,   43  -0.000000000000  -0.707106781187  -0.707106781187
                   0.577350269190   0.577350269190  -0.577350269190
         0,   45   0.000000000000   0.707106781187   0.707106781187
                   0.577350269190   0.577350269190  -0.577350269190
0,   45 2580.071036800947 3043.068488234079 2726.468561712304    2    0
         0,   44  -0.000000000000  -0.707106781187  -0.707106781187
                   0.577350269190   0.577350269190  -0.577350269190
         0,   46   0.000000000000   0.707106781187   0.707106781187
                   0.577350269190   0.577350269190  -0.577350269190
0,   46 2473.071827598164 3282.662558372995 2859.063422648436    2    0
         0,   45  -0.000000000000  -0.707106781187  -0.707106781187
                   0.577350269190   0.577350269190  -0.577350269190
         0,   47   0.000000000000   0.707106781187   0.707106781187
                   0.577350269190   0.577350269190  -0.577350269190
0,   47 2450.922866511313 3500.739069880593 3054.990973069184    2    0
         0,   46  -0.000000000000  -0.707106781187  -0.707106781187
                   0.577350269190   0.577350269190  -0.577350269190
         0,   48   0.000000000000   0.707106781187   0.707106781187
                   0.577350269190   0.577350269190  -0.577350269190
0,   48 2516.615493466803 3667.845581474106 3287.790111618187    2    0
         0,   47  -0.000000000000  -0.707106781187  -0.707106781187
                   0.577350269190   0.577350269190  -0.577350269190
         0,   49   0.000000000000   0.707106781187   0.707106781187
                   0.577350269190   0.577350269190  -0.577350269190
0,   49 2661.277555178884 3761.413432793684 3526.020024649846    2    0
         0,   48  -0.000000000000  -0.707106781187  -0.707106781187
                   0.577350269190   0.577350269190  -0.577350269190
         0,   50   0.000000000000   0.707106781187   0.707106781187
                   0.577350269190   0.577350269190  -0.577350269190
0,   50 2865.371638613182 3768.805767041257 3737.506442331717    2    0
         0,   49  -0.000000000000  -0.707106781187  -0.707106781187
                   0.577350269190   0.577350269190  -0.577350269190
         0,   34   0.000000000000   0.707106781187   0.707106781187
                   0.577350269190   0.577350269190  -0.577350269190
